-3.829185095871379119e+00
8.813701934558954010e-01
-1.113366317186769150e-01
2.398683055042754864e-01
8.563833366603544606e-02
1.264188557387753709e-01
-6.314701592340206393e-02
-2.475355607661920143e-01
-3.171365317734302636e-01
-4.031869002926212753e-01
-7.081323032600458367e-01
-3.459408561952351802e-01
-1.083574609935140876e+00
-7.149004298324342921e-01
-2.879623796945768310e-01
-6.662790886353071595e-01
-6.709417702522871840e-01
-7.305214259523369336e-01
-1.005502425056174376e+00
-2.073195092043781163e+00
-2.269727613910701880e+00
-5.310948627761435947e-02
-5.670355342826333134e-01
-7.221689685814284276e-01
-1.092925094817779108e+00
-3.711462982455623894e-01
-3.517089207379567317e-01
-5.306637420023564700e-02
-1.222612093797329713e+00
-9.431148711410852759e-01
-5.022702593477949007e-01
-1.493184607105148665e+00
-8.622393105273061797e-01
-3.229241957958283726e-01
-4.701741549409286236e-01
-1.249849636927948371e+00
1.109712110636545512e+00
4.529185701947637255e-01
2.479549534149204371e-01
-1.195344562781785330e-01
-6.228395352734472645e-01
1.063665886934339389e+00
-3.030004870769456571e-01
4.115561895501894663e-01
-8.803360830191937492e-01
3.838472781670883016e-01
3.094055369543489142e-01
-2.932536915175673609e-01
3.118952693818183852e-01
-5.113664701630368237e-01
4.894586429663397853e-01
-4.235687765371802527e-03
-1.244739788268155012e+00
8.843660399697804084e-03
-3.252092447208967396e-01
-1.231524352590804172e+00
7.880969204734761258e-01
-4.616373717170399460e-01
-2.705275782687519559e-01
-1.022214244424617613e+00
1.093540356742672914e+00
-4.374618391918723148e-01
1.203021656202823975e-01
-5.837977952632189549e-01
6.978527963162163283e-01
1.239350540327035233e-01
8.524244893947696688e-01
-5.510374370024532231e-01
5.499508567096959011e-01
-1.638780397293105040e-01
2.978924572998011833e-01
-2.072715568585343504e-01
-1.222621272876129872e+00
4.578865687769045345e-01
-8.957391018457951937e-01
-7.644356709761295221e-01
-2.760382463387837659e-01
1.633090991575785744e-01
-3.576445662614602394e-01
-2.942882422754094507e-01
-6.413326071535021544e-01
-9.832494447693815864e-01
1.589271978467627022e+00
-1.462925253351335719e+00
2.089082336207031820e-01
-2.959367208017363304e-02
-1.765785011023118523e-01
5.447228144052264076e-01
-6.216845652103417663e-01
4.025923702298488394e-01
-4.718869551605477386e-01
3.250378128145464118e-01
-3.013056342388406583e-01
-2.131742971302033052e-01
-2.943966112128822143e-02
5.303795321158578657e-01
9.704472021275549753e-01
-7.000027467988446939e-02
-1.033982936647410700e+00
-1.247866177983242286e+00
-1.050132042556723988e+00
-1.704029562847659829e-01
-2.388845890687801843e-01
6.120530415808228542e-01
3.950972679824454326e-01
1.894676487795966813e-01
-1.229939721415505671e+00
1.192095722095339039e-02
-7.245816846906011355e-02
3.095502838210804075e-01
-8.777333012012434876e-01
7.232870479178763468e-01
-6.053820287304856329e-01
2.357180844539540077e-01
-9.998308846078343692e-02
6.859370120996770570e-01
5.240427214220424457e-01
7.820174458951003604e-01
-1.415077061379425016e-01
1.127664076731966641e-01
-5.830684190053870841e-01
-6.301777228502163097e-02
-1.468356907542310630e+00
-1.424836470078676420e+00
-1.183101546012968797e+00
2.940471286453959499e-01
-7.340069967953543051e-01
-8.109738133510504543e-01
5.803956323732881728e-01
2.279254756054217568e-01
3.524495960717601850e-01
1.867836476077170960e-01
1.729515342048046911e-01
-1.228782565180993602e-01
9.534023800266148152e-01
-5.840966885320968416e-01
1.097596997950522457e+00
-4.979063696860373811e-02
9.758575112325011958e-01
-1.934658311269752684e-01
3.740755089256938559e-01
-2.118804025784283285e-01
-1.017956950044858200e-01
3.343941263852642232e-01
1.108430697987560498e-01
2.922246636197839975e-01
-3.979320208635252487e-01
-2.477257085646841439e+00
-6.560058102337886776e-01
-1.026836405012664273e-02
2.736134377481758695e-01
-5.283618560710497125e-02
-6.009327292764925499e-01
1.442443468526096728e+00
-1.312465778539849470e+00
1.911640836336204741e-01
2.819346548451274748e-01
-4.059456344832924612e-01
7.604239557705942953e-01
-9.404605027947765539e-01
-3.462244723603448149e-01
4.340335385969436577e-01
1.209628131078235996e-01
-6.106464701802268857e-01
5.512202249666897647e-01
5.031118720067018213e-01
2.609842596258213354e-01
6.601020669648816064e-01
5.264464722113837425e-01
-7.934898917007579544e-02
-8.075741984255173644e-01
7.151198808932632822e-01
-5.369343279149580983e-01
-2.948265712187565057e+00
-6.016155608589276449e-01
2.852031544462415441e-02
1.820364907976294300e-01
-1.161127613523460944e+00
-1.479764862722398044e-01
3.151397271049608539e-01
-8.017750351944902265e-01
2.612290344967941880e-01
-6.382141048192757626e-01
-2.300178694710154348e-01
2.348766741274696535e-03
3.349641934557610057e-01
4.647849392931566181e-02
-3.019756140297920055e-01
-1.069357608710699570e-01
5.203266868276905655e-01
2.308180580411391680e-01
2.275395443422533748e-01
6.095542826897256683e-01
-2.432393063400238864e-01
2.108387002430822665e-02
-2.660051169622903999e-01
1.713034969599387169e+00
-1.704184271807388795e-01
5.459549428213533728e-01
-2.075990633067030799e+00
-5.192695353346684639e-01
-5.249276325331142523e-01
-1.255911975123223723e+00
-7.709709410715731570e-01
9.926857998867377741e-01
-5.338833466975674291e-01
8.717992778268768284e-01
1.703161458272907103e-01
2.075697595988678645e-01
-2.303537694095991739e-01
-3.325913488011996710e-01
1.262519639221791889e-01
-7.921223501379517362e-01
-9.712309119897046816e-01
-5.178593152062279659e-01
1.800051525162763011e-01
-1.391499032345020481e-01
-2.843674216841797220e-01
7.704354322896057594e-01
5.736331847450835131e-01
-4.028472559373365569e-01
1.623260506260703062e-01
-8.322598255416522317e-01
-1.832263650856193138e+00
-5.040846154218927566e-01
-3.190613511198163166e-01
-1.703174018215754426e+00
1.320473782389790074e+00
-1.262400028717353129e-01
-7.323922836272173109e-03
5.973687700356385133e-02
-7.947076589944288560e-01
-1.589060537074705737e-01
9.386093693721188347e-02
7.767553620043143869e-01
1.958109022281301903e-01
-9.372852431007689944e-01
-3.566083331883582175e-01
-1.674016283777010061e+00
1.434108593414506472e-01
1.095464744035775928e-01
5.745849822582735911e-01
-1.322148259693339545e-01
-2.742486876341097835e-02
3.301877577299995592e-02
-2.903119473792909466e-01
1.379741062499030946e+00
-1.108346857241981231e+00
-5.231443071347230411e-01
-7.676026099671878766e-01
1.209859577282226928e+00
-7.803973582144887455e-01
1.103530806651185969e+00
1.110652091594131752e-01
8.012128509048958014e-01
2.809709186467390096e-01
1.339297670463933887e+00
-8.722502096254204362e-01
-2.087210158965154827e-01
-8.922748697025110198e-01
-1.579859294431174010e-02
-1.569169406379121723e+00
-4.407354682396598111e-01
-2.094391007373924696e-02
-3.727594836805438877e-02
-2.324315945509361214e-01
-5.877267356597354331e-01
-9.413706911367715480e-02
5.218895268435520540e-01
1.116939702120685607e-01
-1.864103870359396786e-01
4.584763886204439309e-01
-1.726094922320616787e-01
-1.340351002739308406e+00
-4.335766569296765072e-01
1.180373171791312181e+00
1.096149508649152393e-01
4.462017414942570093e-01
-6.797411377913786801e-01
6.271898807493342387e-01
-3.981858837806055429e-01
5.369145093826388493e-01
5.158808032967679980e-01
7.688654393692980760e-01
-1.975495544212154453e+00
-6.025797467224307535e-01
-1.325964225917058537e+00
6.768591889751254254e-01
-5.967467355598569112e-01
-3.332814298175396095e-02
6.069779805235082648e-01
2.163083430461870404e-01
-3.376139644795705941e-01
7.651294300504923873e-01
-7.684569373326719521e-01
2.037540635875832382e-02
-2.437322739587554632e-01
-1.209281948705816401e+00
5.723003384389147019e-01
7.537285453676133284e-02
-6.944793812013664303e-01
1.182751767072594440e+00
9.911407289313404201e-01
2.021733129522035322e-01
1.194381842009982764e+00
-6.403329926491503343e-01
3.419252807071352374e-01
-9.868750485299185859e-01
-1.378079075400137743e+00
-5.943807804588272514e-01
-1.734755626513030391e-01
-4.573764296609634794e-01
-1.156971869067648373e-01
-1.165546135774422898e-01
2.747263684861213084e-01
-9.806622728487299212e-02
3.144150034801763138e-01
8.026932220726030742e-01
7.484613431496534020e-01
2.948009840789254099e-01
-5.159310478003338307e-01
-1.265619756769159387e+00
-5.072658153619684640e-01
9.293074245486760976e-01
-4.808461508150073394e-02
2.414179342318698018e-01
5.672824753411177812e-02
3.749546037615028582e-01
6.268651640571475114e-02
9.997655050335234328e-02
6.071546186441985071e-01
-1.746798141451091801e+00
-1.693221890943111596e+00
3.400325308388906231e-01
-7.713090865863465595e-01
6.297885971444625586e-01
8.518910735006156310e-02
-4.674858057990267102e-01
-4.058999364343532923e-01
5.983877041548448794e-01
-5.196982637297441476e-01
-5.187587473334051014e-01
-4.685962261431844689e-02
-1.049954360502027617e+00
-1.717475681632725237e+00
-3.427062980136967307e-01
-9.882248964001350000e-02
5.355528301335797936e-01
6.144575576670174843e-01
8.047514718185121152e-02
7.427425193453009167e-02
4.885733803168851308e-02
6.579956751279627536e-01
-3.622193621116860662e-02
-4.960076465278223656e-01
-1.137421801940891042e+00
-8.452617149451264744e-01
-1.001689994601325240e-01
-3.343999934306106647e-01
-3.990281923447131507e-01
-3.959356557267197652e-02
5.021601978296740265e-01
7.216461154834944436e-01
-7.901476216128657803e-01
7.589958614192748865e-01
9.419037757110287901e-02
2.623910916089258194e-01
-4.231196421074225056e-02
-9.288588457706921098e-01
3.443170302951120698e-02
-2.986849045864774510e-01
2.299679475188946831e-02
1.886112316348068085e-04
3.416783412605227666e-01
6.162185916047390188e-01
1.680006481802223117e-01
5.722016525929823905e-01
-1.186474605605790877e+00
-9.500574977198925630e-01
-4.470742418029478027e-01
1.998339182599294661e-01
1.086552329144502976e-01
-1.468661872494437803e-01
-7.875807660264631804e-02
-4.456713886240302736e-01
-6.524238162576266875e-01
-2.648637423371078548e-01
-5.441460607078699163e-02
-4.082623077914220300e-01
-5.292213141321580050e-01
-3.036424851268884617e-01
5.937330232312066913e-01
-1.599253754053721499e+00
-1.173838739369655049e-02
-3.674714250522749803e-01
1.732444013493263657e-01
2.344880156977161012e-02
8.080032383555246778e-01
-7.868097065840706783e-01
3.680217429563339415e-01
3.343217179065708367e-01
1.400749510342859327e+00
-2.167795886866093813e+00
1.237596418532246334e-01
-1.528343670874595106e-01
3.263261135714687899e-01
-4.423122857940933184e-01
2.293766823856978054e-01
-6.697268391065458459e-01
8.809727819505646096e-01
1.235098282969535471e-01
3.603771828365338881e-02
-1.823573640848898669e-01
5.779574727059391126e-01
-5.986093007188507675e-01
1.329044810715464819e-01
-1.699394053161733253e-01
7.137164466708870725e-01
3.369247056899730142e-01
-4.159988798913959174e-03
-4.365323334731907035e-01
3.342501764037980605e-01
-3.067595133757995418e-01
1.289915473598332918e+00
-1.882884395977652836e-01
-2.008901569992740943e-02
5.165298869597131359e-01
-1.566374409458299866e+00
2.191443240899149658e-01
-7.025981070621303282e-01
-2.884628796815023044e-01
8.582516595958842309e-01
-2.369889144269978210e-01
-1.070035696688373728e+00
8.260992581276247471e-01
-2.926946556497531104e-01
-1.331430741088240222e+00
-8.224422098914078161e-01
-1.221093084182883204e-01
-5.313721341979742857e-02
-1.326293092492274006e+00
-1.542634825968287327e-01
-1.635249582268145652e-01
-8.194494064496209429e-01
5.696789875974881401e-01
5.671057391443643514e-01
-6.934558232504373088e-01
8.748715320897207937e-01
-5.955320854010683895e-01
1.204251535432087961e+00
-7.098504927601674286e-01
1.016172183650919880e+00
-7.393827142841206124e-01
-2.404683624917896001e-01
7.183687144161942095e-01
-1.293885981843413191e+00
-5.114137928017424839e-01
3.098239927976890185e-01
-5.624609898290309218e-01
-8.073046193184669761e-01
1.169230860837251695e+00
-1.546680754387522949e+00
-8.371889489324704781e-02
8.183011430981507184e-02
7.860451974786057949e-01
-2.587762983963196040e-01
-4.273894702895502662e-01
-1.078864365650180401e+00
9.403302819782969335e-01
-3.399017830046913852e-02
-6.033744403857886907e-01
4.111569592797795769e-01
1.302368526481515743e-01
1.133149213569855651e-01
6.397616467799446260e-01
-4.120207236408224283e-01
7.476953640908579057e-01
-2.566370309560661589e-01
7.455565050696304208e-02
-2.572670706701944976e-01
4.077860645559197583e-01
-8.588295152592866355e-01
4.442109988293412304e-01
5.503333672594242776e-01
3.424676218428406860e-01
-4.775576495051010451e-01
-4.620739357246110846e-01
-8.196947716215498003e-01
-4.242201898489214584e-02
2.309067220460239364e-02
-2.055645227596868407e-01
-2.129842308595571776e+00
-3.372798864426543863e-01
4.705197006852589459e-01
-6.469345801410239516e-02
1.702407952843310590e-01
-1.695659292623803160e-01
-8.370711600966734833e-02
3.066619503052712137e-01
-2.467790424404751048e-01
4.857394093449945993e-01
2.130621997384978816e-01
-7.143145781515448656e-01
-8.772337551190338978e-01
5.869846401605862685e-01
-2.231708712233799741e-01
-1.408499001558281449e+00
-1.163596733956598239e+00
-2.213224372916759164e-01
3.392573520011302191e-02
-4.115166162433456787e-01
-3.447776560222018949e-01
-1.675817099924604633e-02
3.745779023149922726e-02
1.358151963078960245e+00
-9.577878493243878744e-01
-8.957263372172207250e-01
2.042426046199605216e-01
2.068090563785313363e-01
3.457688827065611425e-01
-5.540916634123994877e-02
8.168705076967924805e-01
-2.514399330399483823e-01
-5.482979709712307304e-02
4.067372121939631935e-01
-6.871683425444350402e-01
6.495238066315285330e-01
-1.867759259765253144e-01
-4.283441452268834104e-01
-5.488227729782753084e-01
-1.212299166925781657e+00
-7.011412326550099383e-01
-1.195531152133306296e+00
-3.422387155699909700e-01
-9.277601666961214910e-01
-1.162561339932004056e+00
-2.230313926727033103e+00
-1.828882211315049133e+00
-6.196812900073709329e-01
-3.163752443774980883e+00
-1.031280683776162110e+00
-2.507575405885130504e+00
-3.138996234855198519e+00
-1.085582255055272283e+00
-2.209675233560483676e+00
-2.149669843780151801e+00
-2.566108844406241651e+00
-2.002461579941615444e+00
-6.204436817651254321e-01
-8.109002720551572452e-01
-1.144736685810977761e+00
-1.119118733482713735e+00
9.422645031167294072e-02
-2.019327137251486493e-01
-1.323810388506798108e-01
-1.736660285152438199e-01
-3.477139694081060051e-01
-7.917973415535465298e-01
-6.247209799182278367e-01
-6.311140424090903034e-01
-3.013525853821834577e-01
-8.188636655611182258e-01
-8.213078418574470962e-01
-1.674828634753583012e+00
-1.295071650914014105e+00
-4.471483229675997650e-01
-4.223534531871240283e-01
-1.559659865983170982e-02
3.412584050865032081e-02
-1.418465873517170683e-01
-1.090570480716029737e-02
-4.248616105234763463e-02
-7.540945837947170272e-02
-1.046799463273790226e-01
-1.362442818671043276e-01
-2.754748173286555857e-01
-5.836231091977896190e-02
1.928985230440237800e-02
5.202397980615899344e-03
7.087492294096606193e-02
