-4.236363223390602784e+00
9.954239060345055901e-01
-1.057961719512359872e-01
1.055772281873140067e-01
1.591591120177710261e-01
1.448534488483619043e-01
-1.497059668960672996e-01
-2.280830778570802631e-01
-2.781600070773897482e-01
-3.917194071467455796e-01
-7.943429786872120424e-01
-3.911396338250703320e-01
-1.117640242082897029e+00
-8.147605978303177343e-01
-3.240129328666012110e-01
-7.221641371086107153e-01
-7.088716197945791331e-01
-6.242775624051891681e-01
-1.197322649666448857e+00
-2.182925558852491399e+00
-2.748873306391399485e+00
1.825860708301896562e-01
-5.569379562696405994e-01
-8.244991486103740996e-01
-1.253953638502624202e+00
-3.841344342541108681e-01
-3.010143223985456418e-01
-1.770298813430711826e-01
-1.284700468731093670e+00
-9.577247308122754932e-01
-6.650227628974416660e-01
-1.590531817916907231e+00
-9.128862036394901347e-01
-3.415824489709197165e-01
-4.831664513518618698e-01
-1.363995908204833185e+00
1.256649314750831747e+00
4.951212339225316561e-01
3.955444510780793399e-01
-2.259856326863979303e-01
-7.151319703027984032e-01
1.227561522681536177e+00
-2.889223522899765362e-01
3.357408935847042697e-01
-9.178340244655388558e-01
3.825296159189552903e-01
3.225529441482818949e-01
-3.985453969081897974e-01
3.812647321552408153e-01
-5.823024741361726431e-01
5.250069451337506798e-01
-1.506780307955113418e-02
-1.370856805591166072e+00
-3.145778855642034078e-02
-3.210025436037356461e-01
-1.192206961017433287e+00
5.554451268387883278e-01
-3.911742535112325836e-01
-3.812701395757224221e-01
-1.161131074959226073e+00
1.242281624308610555e+00
-5.243780362268697370e-01
1.309327593542307655e-01
-6.078375241266557039e-01
7.211305447708605820e-01
2.215282376982113388e-01
8.554522002540954073e-01
-5.645438327692349212e-01
6.707171822843630560e-01
-1.584012726066622856e-01
2.182520278487286025e-01
-1.560033668058006251e-01
-1.388917351895753827e+00
5.500090107549615581e-01
-1.027856042184567498e+00
-8.354418035567366951e-01
-2.776903139906777285e-01
2.604351137341350680e-02
-4.621917282013696671e-01
-2.950935110792976546e-01
-6.696261232934189733e-01
-1.204559894956975352e+00
1.828979656559795330e+00
-1.642792598330308662e+00
2.365398267040545177e-01
-1.444650213894199675e-02
-2.817585835838534170e-01
6.914802275761375849e-01
-8.225317530942347632e-01
5.300476912015159581e-01
-5.254390111600706348e-01
2.759559394587189907e-01
-3.960605232232125572e-01
-2.139305988916323509e-01
4.323932482847014924e-05
5.718514289097023084e-01
1.077709659218671234e+00
-1.015950569614542665e-01
-1.138778378060155472e+00
-1.178792676505511228e+00
-1.059516855006318981e+00
-9.812046331545895561e-02
-2.356094692608447227e-01
8.090473766958289348e-01
3.584597136076929091e-01
1.520041129997864449e-01
-1.347236142181272633e+00
-1.108973729520532081e-02
-2.354675742166349728e-02
2.979852137293885206e-01
-9.611110773105886462e-01
7.514749830151334908e-01
-6.101374295622687960e-01
2.758598233316035819e-01
-1.101168250831296852e-01
7.889330007006647438e-01
6.679339750264154940e-01
8.155295058078904091e-01
-1.732872620637092020e-01
1.316643328630675847e-01
-6.272978235338961817e-01
-6.007731589345866041e-02
-1.589841621151174555e+00
-1.771979552932064550e+00
-1.141330949125413996e+00
2.270807400866677872e-01
-8.120444201506346049e-01
-8.271777685505654620e-01
7.082115976302844063e-01
2.462971544438781468e-01
3.331134757077568453e-01
1.725115745238848808e-01
2.088788268264381576e-01
-1.024130269735631510e-01
9.911500330491949118e-01
-6.044280463327739161e-01
1.188889568098035365e+00
-1.125156195579245233e-01
1.114340210925314434e+00
-1.845173542008897161e-01
2.314492162738874259e-01
-1.195605719148868928e-01
-1.820758743904830612e-01
2.935943799156232048e-01
1.578042373307405877e-01
3.291031756290921928e-01
-4.296486290803590014e-01
-2.548703457778191517e+00
-6.349595950357609375e-01
8.666317064362349942e-02
2.525140676886934998e-01
-1.603819844232891034e-01
-6.209545562274485508e-01
1.517339691815024150e+00
-1.421526200280522900e+00
1.561255303339541822e-01
3.546899459202917382e-01
-4.200810296150229717e-01
7.940428989954086969e-01
-9.760575858113560432e-01
-4.196934978407759198e-01
4.485345256998060637e-01
9.286631565353370421e-02
-6.757887484862119543e-01
6.674001009436872911e-01
4.349242585075870915e-01
4.629293366557250544e-01
6.475700761565198471e-01
5.680888703438049525e-01
2.021772588751067495e-02
-9.538000594778690555e-01
7.434521882491939015e-01
-6.013840499549580887e-01
-3.193383267709373197e+00
-6.191249379938327246e-01
3.554985122649288731e-02
2.271733426733834327e-01
-1.229253738983732136e+00
-2.161350775494183252e-01
3.848092147300614663e-01
-8.458395999073234917e-01
4.015084780246476193e-01
-7.920374628425190799e-01
-2.968048633186735064e-01
6.388496446492464287e-02
2.467693646781820016e-01
1.451503095887436978e-01
-3.808623505388049058e-01
-5.690116464744891800e-02
5.169565778725651040e-01
2.627185159407094961e-01
2.736091654677035856e-01
5.628327585616254014e-01
-2.254913362115062159e-01
1.460700752291883009e-01
-4.080102492932609071e-01
1.966931918770843168e+00
-2.458361103666777403e-01
6.767832672430362795e-01
-2.259117052737953824e+00
-5.374109977560284079e-01
-5.435596691606372488e-01
-1.436283377625887425e+00
-9.478623234029804889e-01
1.118748041713308661e+00
-6.574382010280556132e-01
1.064656311423481050e+00
2.057042136352128237e-01
2.589639479698664926e-01
-3.221218120508498872e-01
-2.801426319602136616e-01
9.996342169687692791e-02
-9.084619000322226023e-01
-9.857271077417602001e-01
-5.751649227142123788e-01
1.480355789454791682e-01
-6.472797945551508891e-02
-3.892359313217851891e-01
6.783787541733568016e-01
7.770846619347457906e-01
-5.021767749766312683e-01
2.053853127365048159e-01
-1.017978130606919995e+00
-2.143581485431273581e+00
-3.478331090703247197e-01
-2.418067717631748048e-01
-1.714127358772733700e+00
1.449063048798273412e+00
-1.506926435189515912e-01
-4.538069695953787785e-02
1.189187318719425457e-01
-1.004839039943000278e+00
3.679097237611972382e-02
-6.586225977279369648e-03
8.901127993211819245e-01
1.476557142784834520e-01
-9.388968566575796038e-01
-4.349200211884429734e-01
-1.885342750153781388e+00
2.107523831029127215e-01
9.191729933084230586e-02
6.720764309781157575e-01
4.003044906399667868e-03
-1.578125893559798598e-01
7.175155432987005699e-02
-2.467382623632560223e-01
1.682503485736893900e+00
-1.043917244840260716e+00
-4.570528260162469159e-01
-9.222518863176384363e-01
1.178668637233889926e+00
-8.161533711236269584e-01
1.336496717244366916e+00
4.872515749801029777e-02
8.348746420846600014e-01
2.995510476018850010e-01
1.426307232042954842e+00
-9.770062627111345543e-01
-2.285257567414762936e-01
-9.661480698309699022e-01
-2.247509624317675647e-03
-1.726190123378320784e+00
-4.863737499895094407e-01
-1.460579326470047845e-01
1.150118538361113996e-02
-3.310427499765845605e-01
-7.124467936383932498e-01
-9.545301041703208034e-02
5.721433286432298093e-01
-4.118870627443038668e-02
-3.884839877377752604e-01
4.391985509093836448e-01
-1.325855016373300999e-01
-1.342674248748708443e+00
-3.952440481555121732e-01
1.201808968543919498e+00
7.359778907402893255e-02
6.019910275064483951e-01
-7.146910128614457625e-01
7.296315871933386488e-01
-4.749362513542179087e-01
7.855428401529880311e-01
4.201575579613376354e-01
9.451261972099280761e-01
-2.139420800351381047e+00
-7.444337506543364791e-01
-1.417581706583516343e+00
7.923305968565659274e-01
-6.470808863457107041e-01
3.164421534264347247e-02
6.880186984981560006e-01
2.276985937463997245e-01
-3.653837179182924388e-01
8.691165833099985250e-01
-7.883968190524102138e-01
2.093527615739965847e-02
-2.476061484104284949e-01
-1.276209294182432341e+00
6.168777752483050048e-01
1.355813748760722470e-01
-7.963269867677580383e-01
1.238823047091084595e+00
1.144284546018675242e+00
1.254676699764538106e-01
1.340436855422608708e+00
-7.565417936659162290e-01
3.110215377336704723e-01
-9.707510730213917416e-01
-1.678119779276203039e+00
-5.462727262820713525e-01
-2.399369663565587840e-01
-5.251338697274514633e-01
-1.805976949579756186e-01
-1.504999050187782739e-01
3.173583212645129659e-01
-8.171613992981603680e-02
3.497693827682705203e-01
9.020156492190667397e-01
9.089004456272405941e-01
3.621905821962477234e-01
-6.062407950270827239e-01
-1.434184366412012190e+00
-5.389564623240650221e-01
1.052780067966960775e+00
-3.254099414236673316e-02
2.771971159581964050e-01
2.819223206722359237e-02
5.401232571841341201e-01
-5.278392411935424466e-02
2.652477687776990667e-01
4.519430005905584191e-01
-1.674141943604827265e+00
-1.840282368647359501e+00
3.262222757401201934e-01
-7.839522018922407964e-01
6.722810551328027850e-01
1.847445157880343303e-01
-6.024396279537910237e-01
-5.015873348746047178e-01
5.882373788483314936e-01
-5.902401961525821639e-01
-4.726100077345394834e-01
-1.390497170894576251e-01
-1.380509174825653496e+00
-1.738361248861412856e+00
-4.112467953532326082e-01
-1.390366693810123622e-01
5.960711731317483997e-01
6.925170922130780005e-01
9.143808227867647465e-02
7.550783847200356891e-02
3.780106739877854560e-02
7.280699855808758780e-01
-3.733513396064822021e-02
-5.161426812553500110e-01
-1.267678695088215957e+00
-1.051845917826352617e+00
-5.699763390165654003e-02
-4.124636867481067948e-01
-3.968678211542387979e-01
-2.929695355115617683e-02
6.661355746389271415e-01
8.081582513946974355e-01
-7.182428177672524061e-01
7.602333093604993763e-01
5.872996402022459539e-02
2.780232819572486247e-01
-7.842886381167105125e-02
-9.950682724837515147e-01
-1.859995686570613260e-02
-3.723725239325880176e-01
4.305290912368614498e-02
-2.586082820049987602e-02
3.837304415564937732e-01
6.412550373989418517e-01
2.438289951223065466e-01
6.117255144116686694e-01
-1.332143769736267913e+00
-9.951202494401110155e-01
-4.622418216652537382e-01
1.344262156766918848e-01
2.351587723774073990e-01
-2.761474718816236962e-01
-1.333405877866293832e-01
-5.280868960193179085e-01
-8.101314742455131279e-01
-3.605132859013606694e-01
-2.670210954580454210e-02
-4.919012219816210063e-01
-5.448699889372852212e-01
-3.018866203367316370e-01
5.149393461814113504e-01
-1.638941267318223538e+00
1.121895578338444333e-01
-3.493449541261732794e-01
1.709445152395250300e-01
5.354845608898221865e-02
9.047949244836495097e-01
-8.345779215133999340e-01
4.073551411153552015e-01
4.030540461829753007e-01
1.543301425227340262e+00
-2.462706517707390574e+00
1.971166583124728533e-01
-2.088441906627528932e-01
4.042998591631350447e-01
-4.384580461198736012e-01
2.695311382107394294e-01
-6.711267532201757868e-01
1.049548079946476697e+00
8.563933164346820837e-02
1.113048744892845415e-01
-1.902412488455526851e-01
6.358608837245163237e-01
-5.752224071179189435e-01
2.564189781588840367e-01
-2.965348211431555470e-01
8.574486821784269575e-01
3.175824568967312023e-01
-6.953645487282777982e-03
-4.146248002177553849e-01
3.326774144177720993e-01
-3.548902623184455596e-01
1.388962282109046820e+00
-2.378924153381554440e-01
-2.514224626962154041e-02
6.114921424658565918e-01
-1.695964473142565598e+00
1.833766104964708599e-01
-7.718234640647947398e-01
-3.655570493012673117e-01
9.728515534595796321e-01
-2.956753811393474374e-01
-1.143908741034814769e+00
9.434802266503620194e-01
-3.333768433384684537e-01
-1.474161328687064731e+00
-9.738027417308260381e-01
-2.272470703690951388e-02
-5.977258373597302971e-02
-1.536984430281799874e+00
-2.104057368638388714e-01
-2.814189820390352592e-01
-8.397473826045270817e-01
5.929842394289329688e-01
6.755773483862030915e-01
-7.741534120381469153e-01
9.828953238604352105e-01
-5.744058853753712945e-01
1.281130967570288659e+00
-7.832760203076125638e-01
1.197779682261188805e+00
-8.843218729375883491e-01
-1.361087623399249436e-01
7.936750768962894664e-01
-1.433047213497725458e+00
-5.997880995263015214e-01
4.537231181347722297e-01
-6.400071747646961517e-01
-9.907988936122309465e-01
1.375001365871924452e+00
-1.641782806742566825e+00
2.415118183940942118e-02
-4.051705488969676444e-02
6.662947299932151513e-01
-1.578769284761744052e-01
-4.688347156417316808e-01
-1.142083637218409775e+00
1.005820110866265438e+00
-6.441861946421495455e-02
-6.845124920414641378e-01
4.171606046324189410e-01
1.220724705595347542e-01
1.760691368492635356e-01
7.138403766061793831e-01
-5.420449285269988149e-01
8.152994489548351931e-01
-2.668703867299818122e-01
3.821477918638418320e-02
-3.321487464154379565e-01
4.392186937337180241e-01
-8.768140923384495355e-01
3.822665741707278464e-01
8.229750501351598135e-01
3.622775732391178005e-01
-5.126189209067899544e-01
-6.315950924456943394e-01
-8.091818568069871764e-01
-1.097173084601423682e-02
1.028362938062395010e-01
-1.602170727218818203e-01
-2.369386331110433730e+00
-4.065913132861338486e-01
6.416522216870057527e-01
-1.850979031186029272e-02
1.676526989255082423e-01
-1.885975583865314997e-01
-1.213733777588568707e-01
4.063464364595885669e-01
-2.626332649870870561e-01
5.820692054904395007e-01
2.794088927127175159e-01
-7.574873444457955740e-01
-1.049747334242135288e+00
6.821040020992503727e-01
-2.698428094594080284e-01
-1.609387730632938940e+00
-1.322001721614436853e+00
-3.268294455074078342e-01
-1.726986936528601690e-02
-3.933991608820041064e-01
-4.550098767425944657e-01
-5.786077550388247365e-02
1.828069755595909118e-01
1.512970486271840720e+00
-9.750591416866587480e-01
-9.956358919682050113e-01
2.757479679010807483e-02
2.300283767373312582e-01
4.025958741131373531e-01
-5.411153861648893004e-03
9.182968192113745154e-01
-3.612680010623480209e-01
-1.317584217284013259e-01
4.533131726392030103e-01
-6.204927453071216181e-01
6.435926487961237674e-01
-1.874814071886236055e-01
-4.705775769215618243e-01
-6.225738922321361057e-01
-1.248238854528843422e+00
-8.385046764342356518e-01
-1.095775525205848089e+00
-4.216123176797470506e-01
-9.110227632712655232e-01
-1.296446744404208706e+00
-2.393309943408885587e+00
-1.879607121229074140e+00
-6.984572319249431338e-01
-3.362636613359216042e+00
-1.245560271478395986e+00
-2.928644664867242398e+00
-3.313904869637939843e+00
-1.158450990094867183e+00
-2.368817588193036006e+00
-2.375319283688027916e+00
-2.671307172545665853e+00
-2.254894075324723968e+00
-6.259102970580441294e-01
-7.831878535889991166e-01
-1.224676362081137393e+00
-1.178564280163602707e+00
9.864870186385624184e-02
-1.821308313920172173e-01
-9.021741894200431544e-02
-2.853415978924701557e-01
-2.784965674408796943e-01
-8.688583984691893303e-01
-6.085849691260418748e-01
-6.122710866259885032e-01
-1.002103606811956954e-01
-9.130947938789069074e-01
-9.884684220379449382e-01
-1.807308350544584830e+00
-1.430374291770607931e+00
-4.865084819113033032e-01
-5.126115215986388751e-01
-9.140323743706792875e-03
-2.944969345990716691e-02
-9.252806975180438709e-02
-1.089567720246809174e-01
-1.534809427492142553e-01
-1.627805102008900995e-01
-6.275035844953909259e-02
-2.345282189342313695e-01
-3.110424099884765425e-01
-1.315251741357178761e-01
2.690554429597616370e-02
-4.125307710061600769e-02
-7.414838967437031511e-03
9.535220726026505389e-02
-7.279786347554338677e-02
3.326305333646080442e-02
-4.585192894274164183e-02
-5.070053458473822161e-02
-5.638354377898302516e-02
-9.160143429838384088e-02
9.467351061109252619e-02
6.346435725693833074e-02
7.813573444226423748e-02
-4.245024996778361953e-02
7.544243030953208529e-02
-4.495889878261945249e-02
5.976829484019424016e-02
-3.712869241088447708e-02
-6.869727194371315349e-02
-9.847719188436772353e-02
2.748424764386150562e-02
-6.397362983978360784e-02
-5.832067902535114506e-02
5.244242925853963982e-02
8.279480328094133978e-02
8.669344722018393345e-02
-3.176365731744079657e-02
7.602860271238248702e-02
3.386276105254380081e-02
-7.649657601776788107e-02
-5.356939225080268457e-02
4.638978751809355594e-02
-2.481602803033977709e-03
8.055149955687946478e-03
5.751994179805917234e-02
4.565837881416254934e-02
-5.925748548154732842e-02
2.140662588992885487e-02
1.667018986569590577e-02
-4.619954361687306221e-02
9.126539672564311367e-02
-8.856068064131601691e-02
5.633202517031590806e-02
6.653331680834251305e-02
8.002738812410453706e-02
-5.541652178226977310e-02
3.041618775139229985e-02
-3.376393498637537960e-02
-5.907400491255479502e-02
-2.671089013013024094e-02
6.311600761080431166e-02
-4.971970483874160046e-02
1.704041383804699716e-02
4.135004474302320099e-02
6.978391802764960516e-02
-2.879343683222268524e-02
-8.011532737828774842e-02
3.127073947713090302e-02
-8.736703197694094258e-02
-6.981798797444338511e-02
-3.647252198898898179e-02
-8.647031993627095348e-02
8.064893596479892623e-02
5.968088258647077926e-02
-9.112505701696001215e-02
-7.883586696308915454e-02
-3.380032467971834376e-02
-7.597044577558849376e-02
5.375969837079744296e-02
-4.900936262646049535e-02
-4.944585462753024047e-02
-2.265688098846352361e-02
-8.924234244096634905e-02
-6.686299727231144463e-02
9.400630780963843691e-02
-6.538101748834523885e-02
8.743731084995250147e-02
-7.099239396197654095e-02
-1.345919619251971858e-02
-2.514250033722376099e-02
-8.923457448506422196e-02
5.447019829047797246e-02
3.135947285976952575e-02
6.839331174922773371e-02
4.809770173471505927e-03
1.503585723925204842e-02
4.769939488770209846e-02
-7.997742697417670188e-02
-9.529554218285141154e-02
-1.444235352816249963e-02
1.801717634410255828e-02
-9.376264948433254975e-02
5.270604539083598855e-02
-7.108722429416818034e-02
6.566076992320860062e-02
-9.202931435832982510e-02
8.893345032884265866e-02
-6.936449202407667103e-02
-3.399680085749370168e-02
1.652113917999334033e-02
-7.753678897788617019e-02
8.854986006247250740e-02
6.625601335276454229e-02
-8.407489360916554216e-03
-8.391381721627136359e-02
2.116142060544514911e-02
-8.719817372415472959e-03
-7.545432951463443283e-02
1.100339938685632873e-02
-7.847033649351598319e-03
-5.209084604224290503e-03
3.883813292031006864e-02
-5.543040993107431480e-02
-5.248170307606323665e-02
-6.047519227151509913e-02
-3.044352125309839410e-02
7.205831546474909810e-02
-9.427620363243856272e-02
2.422735769347910198e-02
-1.378258760135202612e-02
9.253820813430790881e-02
-4.454839663863135318e-02
-6.158267738409084480e-02
3.791341815675985938e-02
6.064053970125813514e-02
4.497502871421099613e-02
1.548231201059813156e-02
6.076727187555011622e-02
-4.678217894501455337e-02
5.453615958988056699e-03
-4.199223983557154316e-02
-1.421574464387207609e-02
-9.157179907184082035e-02
3.942695585425901733e-02
-1.239609576379690006e-02
-2.168733734638266311e-02
9.804422158753629823e-02
7.510459854165339733e-02
1.467604256050991781e-03
3.609065756222609028e-02
-8.492969473794696744e-02
-8.029922055056799846e-02
-2.838525297040541892e-02
8.603165042365559789e-02
-2.751546423713446821e-02
4.385036303623613373e-03
5.394813638311231341e-02
5.940051076126717788e-02
-8.228230108429675227e-02
-3.790045545575759789e-02
-9.682994991547209940e-02
3.378445824590854685e-02
-3.467931389852825508e-02
7.343352738967090509e-02
-4.222191468694354299e-02
8.360351960401125188e-03
-7.519859850203154672e-02
1.870880107886978630e-02
9.349462651324205731e-02
8.235349353390773730e-02
9.815863046277172044e-02
4.428954464448493777e-02
9.126958677626606509e-02
-4.149059719689194431e-02
5.073488601814102328e-02
9.730237427723820165e-02
-7.167281547695017463e-02
-3.039190225779886401e-02
3.088913869268426066e-02
2.113382786405526570e-02
2.903505390708070039e-02
9.714020500938891356e-02
-2.678745645724165542e-02
-4.769148278212156922e-02
2.090716636688208160e-02
-5.438822136640848737e-02
6.416460959742420478e-02
1.692433226691543099e-02
-9.177137635655663317e-02
-7.185894488816080457e-03
4.569033033309986142e-02
-2.245441430752490725e-02
-3.292943304184323822e-02
-6.898128750971026235e-02
4.684082417872870163e-02
4.395752238005905949e-02
-9.782991894532312369e-03
-8.157271853365627434e-02
-5.248848908717602957e-02
-2.813623291278393238e-02
-2.641909244317108829e-02
9.302426722827971881e-03
-7.266376605956988144e-02
-1.967457983097125121e-02
4.075992486573903201e-02
9.263641697103702777e-02
1.386132744458621474e-02
-1.486390819608605224e-02
-5.598375841109930889e-02
3.959121317883185394e-03
-7.645906252830179939e-02
-4.747210152082146500e-02
-5.184602494310535520e-02
-2.518371756196891281e-03
-3.306842369939357734e-02
8.978459513943370940e-02
1.460121554571785010e-02
5.384986963238056618e-02
-8.138510937714628010e-03
-1.873227944287996286e-02
-4.442862959322502192e-02
1.898322105596299617e-02
-4.951974441274140798e-02
7.659691868118799485e-02
-9.888869436483396780e-02
8.559355793414269442e-03
6.023637606344463269e-02
3.708739126697237903e-02
4.199761612951085493e-02
-2.922371225377236315e-02
-5.408177021083196423e-02
9.106765027797068812e-02
7.511517058131736424e-02
-7.543425682460812298e-02
-4.481535993745975471e-02
-9.879659908391341672e-02
-3.075653329871388605e-02
-2.315571655026305020e-02
-2.643455115699335986e-02
1.080978122736153679e-02
1.361113143102277157e-02
3.633668992327874353e-02
-9.255159877988634876e-02
-4.951298026055451010e-03
-8.010474575419456941e-03
-1.703887933120587159e-02
-4.831334176120705148e-02
3.927827111042261898e-02
9.225508947813790273e-02
7.065837480947444182e-02
6.747162230421311496e-03
-2.534698915940931940e-02
-6.951888258650100461e-02
-1.437598002356155202e-02
-4.844056453056633238e-02
1.777974935369928261e-02
-3.384492627154080807e-02
-7.208271961954593188e-02
6.423665666998057411e-02
8.791176529324507341e-03
-8.798705597011212409e-02
-7.123479774126854902e-02
-1.222498159151102007e-02
-9.607735595098654269e-02
-6.200986427495567416e-02
4.120996806997168083e-02
-6.464222223446425275e-02
5.248562705481014945e-02
-8.929953201990059597e-02
-3.958930320354026033e-02
-1.540379621789862534e-02
4.645028578734915897e-02
1.219063016454486996e-02
-7.143717691647862023e-02
1.564774381171516598e-02
-8.893300006615381670e-02
-9.241814710348378314e-02
5.703604500407071648e-02
-6.223472385355082598e-02
3.327899821334121683e-02
8.319001647438262204e-02
9.039847051174086656e-02
2.135587679944550565e-02
-7.017838691667137307e-02
2.746960009282883863e-02
-2.058796630318715515e-04
-2.782351555083158179e-02
6.002037646392266446e-02
1.683395602206465627e-02
-4.842989091629432835e-02
-6.325913217844716940e-02
5.882409687421266686e-02
-8.149874750139068924e-02
-2.817566502351114346e-02
-3.689853838732128771e-02
1.564917810293930955e-02
5.662868023403367507e-03
9.054879527753637025e-02
1.969864291781948940e-02
-3.769512252073781156e-02
5.357864896532178733e-02
5.911090373382366092e-02
1.464013824692271884e-02
2.596607531773387212e-02
-3.290327989200341613e-02
2.090391499710708700e-02
2.371610208358463506e-02
-3.382654983386335079e-02
5.835093107044078686e-02
-2.055853737729616132e-02
7.824379001229763916e-03
2.246406108112595362e-02
-6.178444905160734163e-02
8.218079903157299304e-02
5.361135667969540997e-02
9.382625560666105202e-02
2.534810647403331826e-02
3.280340192200446175e-02
-2.767102508248091633e-02
-9.327232112484623583e-02
-2.980145145622881391e-03
-8.813357484174176582e-02
3.774660669676691005e-02
-7.240999987416962824e-02
2.727957102690503621e-02
-2.835729944784084675e-02
-1.307943404609466370e-02
-2.751888098276851491e-02
-5.136569243232112086e-02
3.514433777917724822e-02
-1.444380635483759681e-02
9.456720275209451465e-02
4.975414607516033538e-02
-7.127542282039552035e-02
6.357068822548193887e-02
4.776033933902870676e-02
2.933907576891186045e-02
9.262994252147588314e-02
7.726971762026230151e-02
-6.045024083663774750e-02
2.813337616086284548e-02
6.262795136609360103e-02
-9.178922270448647280e-02
5.566477090772584124e-02
-5.038937171423843453e-02
-1.982274635465233401e-02
-3.529440403359596079e-02
-1.935682171013222361e-02
-4.472903007873252346e-02
-2.787051730753567144e-02
-5.370034521909159558e-02
-7.774407921955883705e-02
-9.061613676714914967e-02
-4.567575933783399322e-02
7.190842972135924951e-03
3.479899959855914642e-03
2.091395214627285448e-02
6.302587025978932667e-02
-2.474978177782074726e-02
5.076152231917788193e-02
7.829016619168555069e-02
-8.968507394609682298e-03
9.923300965243915528e-02
-2.061054091046275044e-02
-9.345157706721901603e-02
3.132743676827094703e-02
8.803014136703331272e-02
-3.780335627563813534e-03
8.983025551439811907e-02
-5.276867321108931475e-02
-9.128708118014572381e-02
5.746811736687307270e-02
4.982158249735144789e-02
-7.538753661015847041e-02
-3.506716288211508825e-02
4.921396866429535166e-02
9.289435968246968767e-02
-1.462587613973589419e-02
6.624270677649830852e-02
-2.643701970373868448e-02
9.132934817737298205e-02
-3.917639416205090375e-02
-3.772834386260590783e-02
-8.893483993617615213e-02
2.245467162283732148e-03
-4.274561400521439958e-02
-7.459998721953707557e-02
1.840800029675611002e-02
3.628270922612384514e-02
1.476782855832203811e-02
7.897814418054396879e-02
1.391467310394569647e-02
-3.496392642022172481e-02
9.547685328370508762e-02
6.495015380033726526e-02
5.826686986167484671e-03
2.231568424653487467e-02
-3.078772980146178562e-02
3.013962284445151005e-02
7.145194581757226271e-02
6.087790109478472683e-02
-1.247328634312383500e-02
7.682469746207779004e-02
-5.006505516120145910e-02
1.803612778083707457e-02
-3.721656768495369694e-02
-7.305855528726799830e-02
7.363809414734504011e-02
5.261118662133217744e-02
1.577842587441826913e-02
-5.758643204185163317e-02
4.026836862578253400e-03
4.234676089581011077e-02
2.444452439723306114e-02
2.942752974026255006e-02
1.851541243886545285e-02
6.729683491930670003e-02
-3.150464356573690061e-02
-6.259207229345219170e-02
3.771387873856162781e-02
2.359515239156004945e-02
-9.328460928765350268e-02
-4.187999160095468021e-02
6.579890126905785230e-02
-7.406519626732111601e-04
-5.291527508995486247e-03
-3.453339687475498465e-02
5.243099827920132822e-02
6.853877205488044522e-02
-7.574552017828635464e-02
-2.952889872114117242e-02
2.889703896387296831e-03
-9.244196727403351799e-02
-2.557384062618173193e-02
6.792646531448205682e-02
2.567023259127741014e-02
-7.865921317248390776e-02
-7.498608288864483905e-03
3.267328726177263359e-02
7.155264943641626366e-03
-6.577314534035316740e-02
-6.780137882223535861e-03
9.258182760843519654e-02
3.445307028336217631e-02
7.632872616731355142e-02
5.348396311028538741e-02
9.644683099741757637e-03
2.180127181239559578e-02
2.606524696896994620e-02
3.930566001706758787e-03
8.264458391215408206e-02
9.833059868738536213e-02
-4.135640515033209980e-02
9.283668533497416164e-02
8.425173092315184353e-02
6.216217100484942165e-02
7.230425736509460410e-02
-7.695075226543067470e-02
9.336842110898713187e-02
8.021652300315806894e-02
-4.223441365523057656e-02
6.724966852236993753e-02
-4.262776115504305491e-02
7.598884432554736668e-02
6.237886215686741509e-02
-7.336518105050503225e-02
-4.527123580381298661e-03
-6.497847033531982397e-02
-6.891034398777651400e-03
9.563810400317390714e-02
7.219622493328677060e-02
1.134818599636362550e-02
8.871499985373298980e-02
9.909874080526259732e-02
4.730349291292408609e-02
-8.258546986991191496e-02
-7.478253894630547405e-02
5.989353011514114006e-02
3.469210579482216034e-02
-1.457102469017288598e-02
2.378658479040245480e-02
3.497482093458448293e-02
9.261601203978586661e-02
-8.866751080244453243e-02
6.244594200417781515e-02
4.920088652806638152e-02
2.027766282218956828e-02
4.835921240968848317e-02
-2.187165014604519880e-03
-2.724427004568388475e-02
1.518623832238761434e-02
-1.294777235946751454e-02
-5.195502876464413305e-02
8.136927627750185910e-02
2.591409606849624098e-02
2.677679005435904674e-02
2.457648922424218382e-02
-8.975492358818204508e-02
-4.551116815544051925e-02
-3.393593464252806641e-02
3.260090433945346533e-02
1.629438438328709854e-02
8.282901908188011753e-02
8.043977117033614121e-02
-8.878670775520272618e-02
9.222145897674667581e-02
1.102334815143033581e-02
6.235344161538419056e-02
-4.537305174157886534e-02
-7.894939745532769670e-02
5.965521382651850849e-03
-9.158261476456130978e-02
8.527347702364030876e-03
