-4.240681440507899858e+00
1.012540663211088265e+00
-7.951416965629778955e-02
1.059863790344850037e-01
1.288404324238349996e-01
1.246282982385999161e-01
-1.137774549524873807e-01
-2.411292715762040906e-01
-2.777861553625671776e-01
-4.144193948547302275e-01
-7.833379674482002786e-01
-3.889186017549552399e-01
-1.117522421405735766e+00
-7.908298204357617767e-01
-3.254856498170371482e-01
-7.469736036607692586e-01
-7.154194430472443633e-01
-5.813273760488455455e-01
-1.219749299831204503e+00
-2.162561360964129875e+00
-2.758525181048400388e+00
1.749671787140763823e-01
-5.506699408693667142e-01
-8.179041958188792982e-01
-1.259278812898747324e+00
-3.961592719466089374e-01
-2.997224636961311472e-01
-1.845555996535776511e-01
-1.298409364179197834e+00
-9.711287870456976057e-01
-6.518035635330056143e-01
-1.583890811836394130e+00
-9.307586519654200696e-01
-3.320989175929028869e-01
-4.850855578766866683e-01
-1.377762874715325436e+00
1.247255464715625983e+00
4.884704749442015381e-01
4.025639429738293029e-01
-2.407196511064607913e-01
-7.215765220544191338e-01
1.224800641011214886e+00
-2.844625475616638921e-01
3.366308078762254574e-01
-9.141478366513144937e-01
3.899131441105296858e-01
3.223263737685725383e-01
-3.928820900753939860e-01
3.852072486063411461e-01
-6.057418158053287094e-01
5.312146878729782085e-01
-2.380552439318370239e-02
-1.368000393586747299e+00
-4.051356754035885521e-02
-2.847377949225996518e-01
-1.203098890635996288e+00
5.463858642409603616e-01
-3.796022561759623271e-01
-3.764638986686952848e-01
-1.161091786392492553e+00
1.228500360172521289e+00
-5.108567923175860725e-01
1.394962379807951347e-01
-6.236127643184005143e-01
7.222415298234865499e-01
2.209999546148900262e-01
8.596803494163659520e-01
-5.801687110752632437e-01
6.725011448948668979e-01
-1.607749090313575768e-01
2.314231965513616762e-01
-1.514517282671985487e-01
-1.392773102004317920e+00
5.520714128843164925e-01
-1.030723483159301956e+00
-8.235312834567601881e-01
-3.105990365801872266e-01
5.167181091289930334e-02
-4.549453474573311174e-01
-2.877644242070465097e-01
-6.754724065572903502e-01
-1.216689625682553011e+00
1.818738647096445726e+00
-1.616623450352380420e+00
2.324741983339193296e-01
-8.447273052756526512e-03
-2.806777125113519844e-01
6.900940298967638276e-01
-8.121394880768999514e-01
5.233195949158855331e-01
-5.267468299414345134e-01
2.925117150081665285e-01
-3.984361531155137803e-01
-2.129519245179338771e-01
-3.817672312203965190e-03
5.783037771517262060e-01
1.080495778024129772e+00
-1.047005861632212542e-01
-1.147555100195532862e+00
-1.187579272726672963e+00
-1.041383042082458132e+00
-8.663427070128071339e-02
-2.328178643218895838e-01
7.998751835655930620e-01
3.582984349950413261e-01
1.627214864967803931e-01
-1.352003409791417754e+00
-1.441018045357439492e-02
-2.842968858274434046e-02
3.031304249428897202e-01
-9.738563102049945241e-01
7.642000633654153496e-01
-6.265933266170831129e-01
2.755977842070368444e-01
-1.136731954662078825e-01
7.850124871875238108e-01
6.632831670064343044e-01
8.144351810554402160e-01
-1.702602832187040394e-01
1.135824140601282284e-01
-6.260148524062942865e-01
-5.780032406755141600e-02
-1.591828178546076389e+00
-1.776568152921959243e+00
-1.117376357145737797e+00
2.155992007032291879e-01
-8.148841464831964032e-01
-8.342148797365768198e-01
7.266552496458501542e-01
2.285231259468856191e-01
3.368917270548339449e-01
1.746303151162118816e-01
2.024682268558306020e-01
-9.963897790183948167e-02
9.997837495270955888e-01
-6.078377543466755295e-01
1.194610324482878294e+00
-1.064020320646556217e-01
1.114806620882353272e+00
-1.892119087909613362e-01
2.486849787118997901e-01
-1.273483002872702330e-01
-1.763075084178501728e-01
3.022173100406228552e-01
1.559361034437987126e-01
3.311447837088337121e-01
-4.309498056884455419e-01
-2.570922491820601952e+00
-6.507846054046591000e-01
4.151734183867635333e-03
2.402865394256014364e-01
-1.664015385324743024e-01
-6.337020305274713161e-01
1.519053016032779535e+00
-1.442816411516458341e+00
1.671934104418265621e-01
3.529460497325326296e-01
-4.202070186441032584e-01
8.027720557849870042e-01
-9.824855983956413130e-01
-4.176483347487761622e-01
4.406099592028507872e-01
9.792266769687808792e-02
-6.842804329147786913e-01
6.706946100648414344e-01
4.407031268872414476e-01
4.524938277065586045e-01
6.519859598239829968e-01
5.708360662586138279e-01
1.268904964537610758e-02
-9.521959078998214476e-01
7.347016379036046541e-01
-5.956585212388845196e-01
-3.208741365674752544e+00
-5.836681346685789196e-01
-1.380902323168105295e-01
2.392055573914828592e-01
-1.191154796285924355e+00
-1.794509988760686348e-01
3.923909023691096731e-01
-8.378024086073829757e-01
3.891501231056134769e-01
-7.906977853923238264e-01
-3.000156669756166572e-01
6.403596679631955169e-02
2.469992737505527780e-01
1.418064061179274971e-01
-3.686393577357738871e-01
-7.010428487655487317e-02
5.321222217479879557e-01
2.730845363485270294e-01
2.596594876003151531e-01
5.698108941226325275e-01
-2.222449215247175869e-01
1.381701243889213171e-01
-4.104069608557660565e-01
1.979179074084250312e+00
-2.443016494327955868e-01
6.808352449458786593e-01
-2.283038019837857036e+00
-5.058075470998966150e-01
-7.523381629105013735e-01
-1.463708231493094480e+00
-9.592370211683745040e-01
1.116173768474599592e+00
-6.553851727797319615e-01
1.060237033549755736e+00
1.953665237236507646e-01
2.629953603270173135e-01
-3.186537229837727581e-01
-2.970839266471138052e-01
9.869964527309629809e-02
-8.889500568780791534e-01
-1.013076514598229227e+00
-5.769523185251876907e-01
1.519047715731846604e-01
-6.265019328360847684e-02
-4.003871021910374028e-01
6.911152515187686252e-01
7.730961996101909373e-01
-4.974688646391016156e-01
1.957441766403155148e-01
-1.000605370351724144e+00
-2.126540708107894861e+00
-3.903526019897365362e-01
-3.303936536665093571e-01
-1.687812448856643055e+00
1.467716172032295763e+00
-1.439449626786561964e-01
-4.538812349416708469e-02
1.227276044664233068e-01
-9.978532141644664843e-01
2.484415379738111329e-02
4.763873638061383309e-03
8.898504896397548825e-01
1.588098595421869597e-01
-9.751463952834279469e-01
-4.136502232643765598e-01
-1.875399575376607286e+00
1.886728564561041821e-01
9.553364928413905777e-02
6.806159454183123847e-01
-4.670301449403370386e-03
-1.593602113322920011e-01
7.910196263621606383e-02
-2.472511199864933507e-01
1.667378444494850509e+00
-1.054780899234104563e+00
-4.150769703035780966e-01
-9.716175634729624644e-01
1.170369608532838113e+00
-8.357773463969376815e-01
1.330518492720957680e+00
5.014917142977783071e-02
8.384565862010925352e-01
2.975532075550856304e-01
1.427301806736979817e+00
-9.828283312814660722e-01
-2.241702552851631003e-01
-9.708505260471546050e-01
4.421929330390497737e-03
-1.735271761528610845e+00
-4.892611131651029011e-01
-1.191066517980678141e-01
1.514417882387597558e-03
-3.290477203786018601e-01
-7.100633563136894422e-01
-8.496845589056797876e-02
5.597925326604474838e-01
-3.594560321440143369e-02
-3.800499379763131458e-01
4.122622682116866000e-01
-5.515522710789667882e-02
-1.305800090774233757e+00
-3.989395876964881849e-01
1.212834557134397695e+00
7.658585491901728770e-02
5.995256569491127507e-01
-7.280469270710382412e-01
7.321399784708521041e-01
-4.699272203478112031e-01
7.769053413726962898e-01
4.324073384910884221e-01
9.219725536736727012e-01
-2.122593544023507306e+00
-7.394489054129993466e-01
-1.441955317045799490e+00
7.866584473976662162e-01
-6.597540863399925515e-01
3.141239977652843240e-02
6.794591894813519772e-01
2.303963655012799538e-01
-3.623121819544031230e-01
8.626828995348392315e-01
-7.776716877065151801e-01
4.463343417160846316e-02
-3.203718717669438165e-01
-1.240164141692831734e+00
6.170689910790334576e-01
1.307263032100788869e-01
-7.937830034140649360e-01
1.249758085731815793e+00
1.154612659727308088e+00
1.349082908132105407e-01
1.326152116469137221e+00
-7.383102714267796296e-01
3.039982881241599100e-01
-9.853871106069135299e-01
-1.666294986842239423e+00
-5.551631376843643162e-01
-2.233127985770790580e-01
-5.196642140819076605e-01
-1.691280149283668766e-01
-1.379961579222385992e-01
3.237076109208348318e-01
-8.828639357831956358e-02
3.484053369205205586e-01
9.143563288609494188e-01
8.764346576366885966e-01
3.292799277996528162e-01
-5.322455645983159567e-01
-1.497084255010646014e+00
-5.308969275574386693e-01
1.060699463749207982e+00
-3.294512552563141211e-02
2.741974953895482958e-01
2.462758601845674300e-02
5.355194878877969078e-01
-4.084215153285264410e-02
2.453910764206267692e-01
4.883840850109348874e-01
-1.707897127564686590e+00
-1.844009071337628480e+00
3.289904418571312217e-01
-8.071868028272086715e-01
6.874860117718383234e-01
1.666287603941382089e-01
-6.058889396352927781e-01
-5.044428873195806462e-01
6.002812180825538579e-01
-5.870355436071884592e-01
-5.014363885060220127e-01
-1.105845541555825345e-01
-1.359061353523931537e+00
-1.726644537260496826e+00
-3.945070621146612444e-01
-1.450870020337459709e-01
5.953352352091567656e-01
6.910860786489460006e-01
8.263243286507575280e-02
8.067408819243904183e-02
3.899344233153859834e-02
7.337723534189931618e-01
-3.488934404887449742e-02
-5.147780448503523898e-01
-1.284967518121495234e+00
-1.035313219108098259e+00
-4.077332690941288390e-02
-4.224174452701370819e-01
-3.987691168784686102e-01
-3.047410354747668443e-02
6.697155770103491168e-01
8.043950168905844578e-01
-7.420459036282737175e-01
7.755389964627720234e-01
8.489165374983677348e-02
2.954842431358301047e-01
-8.230796398346815201e-02
-9.803009032748524199e-01
-1.388390481547543964e-02
-3.708540100223368108e-01
4.085098866428184261e-02
-1.651478116581785172e-02
3.782631655310225161e-01
6.562805499218086203e-01
2.240580763811509113e-01
6.193206046631318795e-01
-1.335208593115689624e+00
-1.004181466929908728e+00
-4.732319773646446182e-01
1.422344258066273182e-01
2.340187936570755078e-01
-2.712866242861957100e-01
-1.258566046730248689e-01
-5.282763781240563672e-01
-7.936009896262021801e-01
-3.454085858704332712e-01
-4.197019398526372069e-02
-4.885051723009727898e-01
-5.466246441672991674e-01
-2.796150895965305305e-01
5.531115221413256400e-01
-1.671320312341474601e+00
1.104888992562276240e-01
-3.536954800949600464e-01
1.735841395303491519e-01
5.290877955485173700e-02
8.970805354294525413e-01
-8.301182845933110510e-01
4.107872404576152769e-01
4.014574986038291771e-01
1.553035416120441159e+00
-2.472608730773896646e+00
2.041723295624955359e-01
-2.186555930782310697e-01
4.131295890668382764e-01
-4.565082598811973646e-01
2.732483094816060554e-01
-6.809225717444317150e-01
1.038630008167740426e+00
8.936247208489647709e-02
1.024378386743744623e-01
-2.127112232416931703e-01
6.411059500215255946e-01
-5.780787533312179427e-01
2.561817025713987173e-01
-2.809415385317273750e-01
8.563962671865892329e-01
3.351118285608034597e-01
-1.477589892202416794e-02
-4.166205274331209463e-01
3.445804622241634974e-01
-3.684558950927894760e-01
1.403163134552070535e+00
-2.452841929807603738e-01
-2.011552057246814018e-02
6.042035759474146950e-01
-1.706937409206531253e+00
1.957246122187043802e-01
-7.783032739130761879e-01
-3.520998219854196698e-01
9.706663740933205720e-01
-2.864917833536198555e-01
-1.158104512811388931e+00
9.684001691464571016e-01
-3.361266032558812289e-01
-1.472218602785651864e+00
-9.773649366991531418e-01
-3.235140763593862684e-02
-2.117185965784611212e-02
-1.481374704727154601e+00
-2.275630874267811909e-01
-2.851979208039956970e-01
-8.519751195512584863e-01
5.984125261515194083e-01
6.742813445518210935e-01
-7.862136218288776623e-01
9.910977629554291735e-01
-5.861772457205348674e-01
1.284961957188309967e+00
-7.807258641490280038e-01
1.195404575280134551e+00
-8.686405797251861571e-01
-1.448488284161159878e-01
7.846263497917506102e-01
-1.439327103786335993e+00
-5.982298898143725285e-01
4.508852528962227213e-01
-6.516018031126347143e-01
-9.998455884179890951e-01
1.380448556444673347e+00
-1.647237185784233837e+00
3.696165054393153043e-02
2.765738216171601330e-02
6.262163705145080694e-01
-2.656963044942554641e-01
-5.036211810007071854e-01
-1.129159305054415752e+00
1.010370420653165624e+00
-6.176189396924400277e-02
-6.969849344192275975e-01
4.391687413330423451e-01
1.147690473836113778e-01
1.847340650469350698e-01
7.177243131495784079e-01
-5.381181730340067748e-01
8.119543421595670774e-01
-2.767956359410723710e-01
4.476444287193048766e-02
-3.015804845015108704e-01
4.199182199747157895e-01
-8.726589350828033442e-01
3.885177612157824090e-01
8.329569866294526115e-01
3.816315859008564959e-01
-5.317852158299987142e-01
-6.299139444404234789e-01
-8.519308480590217503e-01
-8.352905394271228912e-02
1.091014382864363419e-01
-1.181553599712183988e-01
-2.399041778416691528e+00
-4.024458572669711298e-01
6.266372290719899318e-01
-1.388752748992982955e-02
1.871761619821192546e-01
-2.105294992808536825e-01
-1.148900784546197373e-01
3.984365415059605287e-01
-2.648737355884915878e-01
5.765248628862925662e-01
2.919086147356589334e-01
-7.698984495445466703e-01
-1.052547795051195223e+00
6.890872813731888646e-01
-2.692062723316603901e-01
-1.622813533251617812e+00
-1.337234831180255101e+00
-3.127896369718093927e-01
-2.697662306881414701e-02
-3.512166388110168347e-01
-4.317032026050233728e-01
-8.768181263904191447e-02
1.692835025163787754e-01
1.527410057520102171e+00
-9.919178970801501016e-01
-9.791582816326789285e-01
4.104526771396130314e-02
2.095814854746555211e-01
4.114138590893309244e-01
-9.636767180872016225e-03
9.327733739711721039e-01
-3.760042349088281721e-01
-1.127620661539512764e-01
4.448906872252528788e-01
-6.228578105521190844e-01
6.497217364098789583e-01
-1.874611906136689765e-01
-4.684310814322558136e-01
-6.038872325177728762e-01
-1.261439630498486952e+00
-7.608807742985630451e-01
-1.154688872926586063e+00
-3.755218724917124273e-01
-9.487733975006849008e-01
-1.278019535108374072e+00
-2.384660796758914181e+00
-1.882057306849091560e+00
-6.994430462956827688e-01
-3.359036334648763056e+00
-1.267441510120418613e+00
-2.910475114906303951e+00
-3.331231350586536522e+00
-1.167356993835637624e+00
-2.360701710746029303e+00
-2.372209740622913898e+00
-2.697350635869093072e+00
-2.219420676963471006e+00
-6.671352643004140326e-01
-7.694106112752858717e-01
-1.273599597822724139e+00
-1.224996341009348511e+00
3.147603262078985803e-02
-1.215784947929465787e-01
-1.792063511699615863e-01
-2.734546332681990766e-01
-2.880055176409204720e-01
-8.546850438564198571e-01
-6.273319329647051301e-01
-5.942208864167930482e-01
-9.887334787593768382e-02
-8.878384128671428233e-01
-9.924069642667988633e-01
-1.818151185755816579e+00
-1.463201642343158415e+00
-5.045102034851289829e-01
-5.424180077773237407e-01
-7.488098930538061859e-02
-6.428445980953871597e-02
-4.478000184416808943e-02
-8.104598449944054595e-02
-2.031819141952197760e-01
-2.057633620345487024e-01
-4.829142644170116017e-02
-2.453628463195085263e-01
-2.652368643600011566e-01
-1.854587910984379917e-01
-1.494424625972046172e-01
-1.331904673952351015e-01
-6.710024921891007132e-02
7.963440116863229612e-02
1.576965331820510269e-02
-1.839315200089697289e-02
-1.573327112228493224e-02
2.889173858186189214e-02
-9.247507938238608283e-02
1.358329926089079168e-02
2.694892676739193624e-02
-1.745055332358647071e-02
-9.771327244902934528e-02
2.773492492802125467e-02
-6.157165057822951149e-02
2.121128746253893305e-02
8.363144272062397744e-02
7.939040403929570333e-02
6.727762817683805019e-02
-4.603085821233654507e-02
-1.340575295646879821e-02
8.216109326211806785e-02
2.236404281367774388e-02
-2.838878651849117279e-02
1.426308746168205611e-02
5.977774338199211279e-02
-3.724405340719747631e-02
6.103121236611448730e-02
-1.048341271944746092e-02
-4.320437728316937204e-02
4.187794507352809309e-02
7.766427244085444270e-02
-3.568945925408389258e-02
-3.698674984299676893e-02
4.154441160915552100e-02
-1.041719375300418499e-02
-6.635896203781858904e-02
-5.565338296726845407e-02
1.382187628088127340e-02
-1.518771449385460971e-02
4.582191472095031859e-02
9.996196128562176431e-02
3.739077462040579086e-02
8.221662200804086273e-02
2.489609460950612668e-02
7.288732749338384942e-02
-9.268597213900238441e-02
1.273059666961691254e-02
6.150177733015085857e-02
-3.281871522470725111e-03
2.503773787724097519e-02
5.260647706403434598e-02
-5.064180789066030641e-02
5.318828015008114640e-02
-3.019317725986363568e-02
-2.036411902395998327e-02
8.185632181176666355e-02
2.749590731724149695e-02
-6.405395778433221020e-03
-7.677613316137757438e-02
4.396660283949613973e-02
-6.284349644274118962e-02
2.703381221050320596e-02
-7.274633023986205871e-02
2.856862585953574840e-02
-3.593466747363212310e-02
6.288517268976534513e-02
-2.945811145945980217e-02
6.643910868831941208e-02
-9.380574712325928655e-02
-5.128164486805264662e-03
-7.895021214440239854e-02
-8.630427643316258834e-02
5.699813900118103072e-02
6.715308888157656489e-03
5.676728531660191202e-02
-6.221485557563963958e-02
-1.311689392406798632e-02
-8.529651130237728140e-02
-1.491774174363096409e-02
-3.991919161030082347e-02
-3.301969685598842713e-02
7.935146838372042488e-03
2.672558874989108477e-02
-6.306788294132382316e-03
5.267048442636342032e-02
-9.417236985804794402e-02
-2.819246512253117606e-02
-6.596842759595454575e-02
-5.975950559388714528e-02
-3.217326316221737897e-02
2.395848223992458597e-03
6.847327167236726131e-02
2.891991463772516577e-02
-9.530761690632727490e-02
-8.741244865384410756e-02
-7.792485979826291320e-02
-3.863691056498688714e-02
-9.800560258058642338e-02
1.562234623878340327e-02
-4.045086910100000044e-02
8.018762305417224956e-02
3.601520491508838212e-02
5.836573519975365998e-02
6.290046297192807001e-02
-6.571249388546099302e-02
-6.009435606253510365e-02
-7.245882801623040881e-02
8.360988649159142860e-02
-4.877863232181254421e-02
9.184969947645478527e-02
3.427860058878064858e-02
9.527189672742988891e-02
-5.430615924806470735e-03
-4.560488626028531833e-02
5.822423118011124665e-02
2.352363418741949819e-02
1.930796257523470505e-02
2.776453108488818877e-02
-2.622210340824726767e-03
6.916734143801546442e-02
2.115094009820391030e-02
2.918201428079192361e-03
6.845579817144065160e-02
2.526917915990911645e-02
-2.566644841197347759e-02
-1.536153752508444617e-02
-1.260226312621646333e-02
-6.812479238093326062e-02
5.170566457534839927e-02
-4.617714902888284123e-02
-2.113137898556718616e-02
-2.972699569577796908e-03
1.003974255799895514e-02
7.427499120224925755e-02
-2.611899127850474470e-02
1.534545842623453830e-02
-1.130846909747111953e-02
9.327528563104481307e-04
1.635819961417035381e-02
5.170382386919628037e-02
9.019632800762114599e-02
-8.669495505556859549e-02
4.567060422016888666e-02
-5.867707621703439902e-02
-9.307450545074247988e-03
5.417898100881488738e-02
-2.937605251919304244e-02
8.531257075345435870e-02
7.632950047978287467e-02
7.510824317531061833e-02
6.667391690831081519e-04
-1.810307182510184631e-02
7.457062541989059601e-02
-7.336804279291779529e-02
2.556289238278275366e-02
8.042799200833195342e-03
3.836527102427018943e-02
9.825786800475999616e-02
6.028965368429842209e-02
-4.571701179183720876e-02
-6.354182351749548818e-02
3.119075709988319497e-02
1.647519608203482783e-02
6.093903914250547310e-02
-4.274381407618637468e-02
7.226507240526323927e-02
-5.900107578610039316e-02
-5.593449103064036809e-02
-6.268539804507322795e-03
-1.553665623941249442e-02
1.348777919742429922e-02
-4.706918685229697502e-02
-9.406796427431043939e-02
7.797095672489483265e-02
7.512665068767275522e-02
-6.668389000561650293e-02
-1.664396003183132855e-02
5.265592553425604838e-02
-5.468795202431558228e-02
-5.004774769284577041e-02
5.945401458494617430e-02
9.929210760154316695e-02
4.701900874366125166e-02
9.633447064717981512e-02
5.984553290142405335e-02
-8.531769349454246254e-02
4.874970280483451046e-02
-9.621458935952711955e-02
4.884049453586234574e-02
-3.390857610708317843e-02
-1.947033310357662236e-02
-6.459042209323813399e-02
4.151245503459732693e-03
9.944394053752397822e-02
9.655890152114994518e-02
-7.638755117455031662e-02
-7.555874283990737794e-03
7.688033388602820428e-02
-6.335168431924158294e-02
5.711692281591778525e-02
2.357520953608794028e-03
-9.043436997259204913e-02
6.305829274835619835e-02
-6.240325169091214680e-02
7.842458149013281643e-02
5.988653367141250072e-02
6.455480090356202627e-02
8.777292200993672133e-02
-4.181402639075546684e-02
9.818710748594752791e-02
-6.254925761567060871e-02
-5.438363961235617716e-02
3.372795475018813133e-02
7.845303675317838454e-02
5.633452088806722990e-02
5.091202961224634838e-02
7.625221558186252857e-02
-5.089602465842087142e-02
-6.334963694047801748e-03
-8.109153801935374550e-02
-1.054578454491199649e-02
-1.594721166747103958e-02
5.850545846504922459e-02
3.139169388380862874e-02
-6.942895085740226346e-02
-8.700956082480618137e-02
-5.049026279296771336e-02
3.816895685530008464e-03
-6.489729030945601621e-03
5.245005858038920277e-02
2.976054487035102725e-02
-3.935148621293156623e-02
3.916847630665110623e-03
7.082783329162168490e-03
-6.453821018493058337e-02
5.463966224455918397e-02
-2.583320136872524486e-02
-5.752102314221725632e-02
5.038064157344901428e-02
5.535571382974131815e-02
1.725807356092445843e-02
-4.398171443898020450e-02
9.697417877082182766e-03
-9.268415060108586845e-02
-5.632271586798374280e-02
-1.033857560443745063e-02
-9.305065454715560902e-02
-2.560273581319345848e-02
-4.872610613305775051e-02
-1.330017911072012452e-06
3.163574238443813552e-02
4.685075300326982384e-02
4.909356656212160441e-02
3.033123451347694705e-02
1.947036248224214353e-02
2.649748938690135378e-02
7.911151106755776475e-04
7.169541795771017245e-02
7.520558902527650635e-02
1.177712864603699429e-02
-6.229159119178254156e-02
-4.127148224415402855e-02
-1.765527535918520741e-04
-8.840032173470176169e-02
-3.734185630104742970e-02
-4.367824911291953716e-02
-5.448861364805693275e-02
-1.444183946696853127e-02
3.869131331856030809e-02
8.694251618140201587e-02
-5.169781225940557612e-02
-5.146139657223554320e-02
9.910692181162650272e-02
7.935404482139694904e-02
-4.392886488313026139e-02
-9.992441836718024550e-02
7.485999355902295260e-02
-8.806305469624536864e-02
-6.701000523815437565e-03
5.531892910235156752e-02
-7.028898789331661234e-02
-3.159380838763605620e-02
1.597239632958613598e-02
5.096158220663123128e-02
3.755386518741881535e-02
-1.170335233105237495e-02
-5.969975378696590340e-03
-4.662657848486347067e-02
4.645341794344773345e-02
8.722649958484285718e-03
-4.598228507429724665e-02
6.239381416148673254e-02
7.382269070741527550e-02
6.413422308302621500e-02
1.306149331766430846e-02
-9.295584447203636413e-02
3.168588722595584717e-02
6.909161784218123548e-02
-8.581365824128994735e-02
5.202214337908817043e-02
8.510997670715191032e-02
-6.272277620205235493e-02
-1.381409157818587301e-02
9.529628747120551246e-02
9.893008690888881185e-02
4.243626981410433818e-02
-1.603676501787365538e-02
9.927215284361319558e-02
8.212196629244578050e-02
4.243205677098509793e-02
6.259411453823516408e-03
5.836471120006021807e-02
-2.781072185911362057e-02
-9.867798567938734777e-02
-3.778179325341549100e-02
5.487724091966914713e-02
4.914169911683866077e-02
9.056518575923573622e-02
8.330617757605346396e-02
-3.092997205654577503e-02
-9.277403045647424074e-02
5.807767120563656418e-03
7.179738396699926473e-02
3.042378048329075213e-03
2.519331710089378618e-02
-1.341601008114676891e-02
-8.725200654455587956e-02
-4.730180735778113932e-02
-1.165092459735903724e-02
-3.631500320177902946e-02
-2.779941838544062321e-02
-7.555322761573957102e-02
-6.188281558663125126e-02
-5.701608233267885413e-03
2.407171439977755581e-02
-7.625492914574485970e-02
9.096851802718715352e-02
-1.064404446287630160e-02
2.086858623125491599e-02
-1.235588732016235092e-03
9.881500739542237177e-02
4.586093862996087900e-02
8.857550858608716216e-02
9.611613700224463930e-02
-5.002389266405720541e-02
-5.457412451883115155e-03
6.918131823945919412e-02
7.208917996693019192e-02
1.888277439524324239e-02
-2.288846692278645456e-02
4.909988413548793673e-02
-6.613433878595230409e-02
2.891981238187639816e-02
-9.588286716362584561e-02
-8.703745485718294983e-02
6.720929834078195886e-02
-7.151046003317174105e-03
3.485688813255991697e-02
-7.336514195613119682e-02
6.786458816767078350e-02
-4.054244287378670070e-02
-8.588467244287906199e-02
7.389317641904125100e-02
-5.736590006830591393e-02
-1.081202933317293446e-02
8.016734466951350169e-02
-8.628776597086047773e-02
-8.852715017263584896e-02
-3.436243497921316614e-02
6.729865170334596580e-02
-2.608187234334855692e-02
5.418415661631011127e-02
7.887335637997086590e-02
-2.118671169619130989e-02
5.746896954929345963e-02
-3.953390468450306700e-02
-5.911677759097842128e-02
-2.221634370890382057e-02
6.743188446081348209e-02
-3.911412532281408755e-02
8.751168171890362502e-02
6.446613967553463387e-02
4.777492221656556848e-02
9.189878440508625346e-02
-9.177676842796661516e-02
9.501842365088725151e-02
9.855747219468342923e-02
3.492279793144213024e-02
-8.068188994011048221e-02
8.227065604485013506e-02
-7.215687428129043124e-02
4.687612591615575308e-02
8.978251983181134710e-02
-3.958579287944152814e-02
4.923964019272497605e-02
8.257867768967563915e-02
-8.778193264149594666e-02
5.507103667944877184e-02
-8.538658615330262103e-02
-5.178630376375330940e-02
-8.364028699681427814e-02
-7.523491814864420590e-02
-6.944277166901835496e-02
9.633728358442505968e-02
2.852437973563317838e-02
1.596142640090787365e-02
7.792780404517912762e-02
4.454293110887119593e-03
7.343798594699749160e-02
-5.839848743471598436e-02
-7.219402532127115746e-02
1.481943821691711523e-03
-6.987393833705150825e-02
2.109432087667006961e-03
5.003498768572187810e-02
8.654655989439213881e-02
2.146312137512296214e-02
5.337338826286251031e-02
2.585301032687785730e-02
-6.481780932189547262e-02
4.789584714488115402e-02
9.542894521459333035e-02
-5.000548633320232167e-02
3.149299697951977312e-02
-3.649971844250239628e-02
-3.519192026994118205e-02
-8.464891623410018828e-02
-4.709015705879467106e-02
5.538961972414078311e-02
-4.555028589767178698e-02
4.730541426312327019e-02
3.246955373588254062e-02
1.661996243952712634e-03
-5.797645148524224745e-02
-2.896716773229683975e-02
-5.696502623527499587e-02
-7.367782844683752608e-02
1.364484084687385239e-02
-7.272852733087074861e-02
5.970058257156534570e-02
2.108590883020198398e-02
8.811597796502540492e-02
-2.996552536895957797e-02
-5.882532280054782181e-02
2.051748316890782478e-02
9.338947314090598195e-02
3.974921732498233606e-02
1.645362992165933002e-03
-8.467557175183947071e-02
4.176944909139526652e-02
-5.782469849443097609e-02
-5.819819765841236642e-02
-4.810480861761345928e-02
-9.713392969793926968e-02
-2.443171383826241508e-02
9.818712087572201153e-02
-5.022078484493359973e-02
7.622341798785070566e-02
-3.311771412074615561e-02
-8.278316662150560223e-02
4.394886269300593562e-02
-5.693371612811187060e-02
5.519671166532034295e-02
-3.514187875555685459e-03
-9.168403826269380663e-02
4.871818532397782786e-02
1.099538621885467506e-02
-2.668608769623632970e-02
-2.374763788642897736e-03
-7.149343181491106536e-02
1.993058575416320130e-02
-9.259575799290307996e-02
-8.407660434364112867e-02
-7.426249063219818314e-02
-3.943881642992548564e-02
9.082539161714281439e-02
-5.165128481229133706e-02
3.926653938389288584e-02
8.432746329964523058e-02
1.819337382235697298e-02
-7.676243631080681765e-03
6.558287424661694842e-02
7.745807595903718423e-02
4.557678760664518602e-02
-6.356390707172208943e-02
-9.746392571184614440e-02
-1.244743893395048456e-02
-3.229327314916310282e-02
7.621170263232129871e-02
2.730985909888161787e-03
-5.948344643008270094e-02
-9.133618701793218275e-02
-3.947800242645032459e-02
7.258385640611771106e-02
4.431180604857656857e-02
8.795650619833615680e-02
-5.194513260986007019e-02
-5.036249384358040815e-02
-9.752658267704079897e-02
-3.243951747609759295e-02
-3.831368571678992613e-02
-4.168818623307730953e-02
