-6.853230495722379967e-01
6.994359983784406709e-02
7.483802870007848218e-02
2.279743990889594452e-01
-1.367305754774676418e-01
4.172258261863875939e-02
1.972328782688989590e-02
4.167174387719933121e-02
-1.230486173687059814e-01
6.675351898222928182e-02
-6.082820592217461075e-02
-9.630807665482906538e-03
-3.475147394660977468e-02
5.057103085570942985e-03
-1.103727205559375812e-01
-2.538847975227179893e-02
-4.229497537132723139e-02
-5.899297803668252654e-02
-5.802685870323975870e-02
-1.321502203293309918e-01
3.688699553021879129e-02
2.162339039843530486e-03
-8.059287790921389194e-02
-1.689806739590108547e-02
5.019019776171489144e-02
-5.887587125980840719e-02
4.673883755522197092e-02
-4.790802056442513418e-02
-2.948500589324295346e-02
-1.957507096268899793e-02
-4.010599241303100526e-02
-1.045147003619989190e-01
-4.187995393364823266e-02
-1.171903601169456827e-01
-8.480166723222783143e-02
-1.197049127518908795e-01
3.750382999269280537e-02
-3.505952832092240623e-02
-6.247089611726042158e-03
-5.148949446506970173e-02
3.866565852696440819e-02
-4.477276751065469018e-02
-2.228859602034148624e-02
-2.693375590216565141e-02
8.797260681364729717e-04
3.112675290781527493e-02
-3.517290677400762566e-02
3.948503095191235879e-02
-1.685561098085141749e-02
3.416779780537074207e-03
-1.382722624418755708e-03
2.370388273116948857e-02
-4.529291555015798471e-03
2.355782845233551567e-02
-1.854765194309557219e-02
-6.879079472043572729e-02
-6.903099224773318054e-02
-1.464119582957614241e-01
5.178490849821859587e-03
-4.202798298647325570e-02
3.828095737314927277e-02
-1.549550153619645709e-02
-2.895341064600372855e-02
-2.559610017625782441e-02
-1.960116912746232010e-02
1.350209036867727405e-03
-2.288994921087126461e-02
3.567157214115735525e-02
1.352987033877402559e-04
1.894682240224974598e-02
1.032502130063726875e-02
1.459362732488857228e-02
-1.520807267514092884e-02
1.988848374431878563e-02
-2.616714287041232295e-02
-1.687901208806868308e-02
-5.190542299737684051e-02
-6.226647304913107694e-02
-2.259068154470653816e-02
-4.503996035256536967e-02
-1.393190988674120057e-01
3.609859036868717785e-02
1.167248110489967766e-02
-2.832885731244690758e-02
1.280357937983992583e-02
-1.533018207936140409e-02
1.875551520085876750e-02
-2.782154436235095840e-02
-2.173235140185436967e-02
-1.113920473459027727e-02
-1.425641972955755954e-03
2.363633311790013306e-02
2.713893563007835873e-03
-5.310907632703594505e-03
1.192863924177675269e-02
-1.904766012436810707e-03
1.501460691938317701e-02
-1.479613662028791271e-02
2.698641782153385349e-03
1.876458902320293082e-02
5.459679916311865194e-03
-3.830422673360749791e-02
-1.043313599963453103e-01
-2.553140803847090898e-02
-8.459517551170347982e-02
-2.570137656050349717e-01
2.758778314092769079e-02
-9.621383042750321357e-03
1.564469825900623862e-02
-4.921471573544847211e-03
3.530776316231838685e-03
-2.604946617205146711e-02
3.688133088429804834e-02
-1.615098023376483616e-02
1.410367098640575786e-02
1.483127270152208819e-02
1.298260790440105943e-02
3.761984897023436247e-02
3.154717571313035013e-02
2.579970236087325910e-03
3.865812422791486958e-02
2.179615947191514830e-02
1.964213483531935742e-02
-1.993145669811650228e-02
-6.610915544108926512e-03
3.551883686142721236e-03
-1.695608211387877526e-02
-1.100956432626840065e-01
-4.879500548063228638e-02
-2.604094861085088503e-02
2.646149699111924325e-02
-3.218883144503334459e-02
-1.744952472963738621e-03
-1.558065516014931970e-02
3.711463149875937617e-02
-9.514101371505892524e-03
4.856174618300281194e-03
-4.747526443430504298e-03
1.874814313796721935e-03
-1.318937055657268265e-02
1.565546196431023135e-02
4.307476409185051480e-03
1.959465939464964668e-02
1.883730176201455636e-02
5.130864150215644348e-02
1.358948014688777552e-02
1.671332392408424183e-02
1.195664459463920831e-03
3.031494330153029423e-02
-2.739009657905209366e-02
1.189138360306503731e-02
9.399711613139946631e-04
-1.226537324630393999e-01
-1.254985897027761643e-01
-3.298302518345806733e-02
1.167628683428593717e-01
-3.560276440269757869e-02
1.932982248390946456e-03
-2.101379270890064987e-02
-1.752192904806691362e-02
-2.800399793446775587e-03
2.126937662101360815e-02
1.194151294216051068e-02
5.357765334490151299e-03
1.017270310945292064e-02
-1.781389198851322103e-02
-6.473411112696670668e-03
2.934489164155574398e-02
2.605042194363091715e-02
3.261533143874893736e-02
4.667164238183741515e-03
1.317205780667235655e-02
7.287920278995205225e-03
4.087462011629294095e-02
1.069638671823249128e-02
2.210124473051437721e-02
-3.605666843991213455e-02
2.636249804426352150e-02
-3.296745244513311912e-02
-2.199323787104156547e-01
5.552813240140827555e-03
-6.640028447073902107e-02
-5.400078124029117355e-02
-1.401070445865443270e-02
7.206659797244496790e-03
2.283145741485551744e-02
-1.080194760812457772e-03
-1.282184322720570160e-02
-1.797466264873394740e-02
2.748892569965584801e-02
-3.779823850167885607e-03
1.071036239096883474e-02
1.620098422419999351e-02
9.219648906028551222e-03
1.032197996598460503e-02
2.927287342445544435e-02
1.843942496464835712e-02
3.474162230129786838e-02
3.538805888530180410e-02
8.414827021368809223e-03
6.636438965628824183e-02
3.291212063863108161e-02
4.444885478503544929e-02
7.554830889752306433e-02
-7.851082389183208776e-02
-2.251686673438126340e-01
-1.389587935775548622e-01
-4.740003373253166841e-02
2.892504413313172484e-03
-7.127087155897188220e-02
-6.973304213578682131e-05
2.007271763714663787e-02
1.171762207357581950e-02
-1.142625605976132705e-02
2.218166329289108715e-02
1.533130331770025598e-02
-2.028789947205157651e-02
-2.351203938084004200e-03
-4.303063387379646443e-02
-2.448101286882747168e-02
-2.012498853859678513e-02
3.279930440346773279e-04
9.569095610011714437e-03
4.192866769878419997e-02
1.960685399422629552e-02
6.326143993385426045e-02
1.509724249541630550e-02
7.020902688287199156e-02
1.083348028279917108e-01
-3.324766145790525873e-01
-2.395229172626339720e-02
4.246314314672441914e-03
-7.042422033222543731e-02
-7.802031959544396267e-03
1.719621988091271300e-02
-1.531756209838509158e-02
1.796690925842816741e-02
8.905865945483251375e-03
1.830995001357030999e-02
-2.332999441455501158e-02
1.448445150990688643e-02
-1.105913397622543953e-02
-7.583952314327928323e-02
-2.917661435695755728e-02
-4.278583522873561501e-02
-3.314500817770051067e-02
-3.776598813813275557e-02
-2.785463106892138024e-02
2.565765043760762087e-02
1.699032674520514069e-02
2.933702707694143402e-02
1.284283385539275457e-01
8.187058076327557998e-02
-4.225569898125833279e-02
-2.534773386278069696e-01
-5.587779906131018492e-03
9.230799143915835447e-04
-1.178902141906455064e-02
-1.262587576525870531e-02
-1.994808008254039811e-02
1.884094947485342314e-02
-2.158208094947784705e-02
1.699866862116720251e-02
9.228716027886180867e-03
7.925218622600756907e-03
-2.781078706078598389e-02
-4.128700859708489546e-02
-5.282199033609488725e-02
-2.625625055897104834e-02
-2.284195770186010430e-02
-4.786671935848919868e-02
-5.073616254403029435e-02
-2.184053843154540667e-02
-4.507317120972074986e-02
1.755117614745761723e-02
8.755489517450688874e-02
7.210756009501698149e-02
-9.424929485620776870e-02
8.723264088675269923e-03
6.408821755952187615e-02
-6.957907824785651563e-02
-1.420770588213672858e-01
2.308139529770824455e-02
3.896143104064140467e-02
2.452159975769663269e-02
1.538077663977067099e-02
1.894191734566597757e-02
5.030320087773910986e-02
8.514322644014721275e-05
-4.339583201553320890e-02
5.336307476037267100e-03
-6.952355883133563841e-02
5.937562082652539722e-03
-4.100437235331450686e-02
-4.242984811380833693e-02
-2.969821732418683261e-02
-3.894282791375860975e-02
1.842495150377192886e-02
7.977355616383274839e-02
2.534757313822583701e-03
2.362815276591355082e-02
2.597263306057862042e-02
-6.036691257846895503e-02
-4.496329133576612569e-02
-1.084289710937816342e-02
5.388529166772659806e-02
5.668343927535197946e-02
-3.631224662339992831e-02
3.483960375069822257e-02
3.185905752924313161e-02
3.839051527309003675e-02
3.160071811746804904e-02
-1.447149675120494583e-02
-3.248103206379929220e-02
-2.200390439708041837e-02
-5.789902218797794708e-02
-8.007693501021359572e-03
-4.853415174012023353e-02
-4.044042861371477393e-02
-2.834509374773740847e-02
-1.433977805124182076e-02
3.208805566588220082e-02
-3.933049290477150239e-03
-2.285829755772923050e-03
2.531269718678927708e-02
-2.221848588337158037e-02
-3.862228121893451771e-02
-3.686276543576370857e-02
-2.309005166272052600e-01
4.749302843920950867e-04
9.782904180081770928e-03
2.809520456632540186e-02
6.662814965892247671e-03
2.839597838415325662e-02
9.569850539888418231e-03
2.169333145978970950e-02
-1.014781062716194580e-02
-5.567762485558990643e-02
-3.763428512125739644e-02
-3.525299528821459333e-02
-3.010161076600484029e-02
-4.188353884903497915e-02
-4.494839483699152038e-02
-6.376083874118223388e-03
1.488066066636235633e-02
1.395443252027901530e-02
9.047040022309417451e-03
-5.404728154674466600e-02
2.304588011048165977e-02
2.029886129263477196e-02
-3.903701599092401775e-02
-5.255402627427185891e-03
-1.416510523810787792e-02
1.590021765884788718e-02
2.434194365722642389e-02
2.972620038762808711e-02
2.429837229228617654e-02
-4.747180635488101527e-03
1.477489659687811902e-02
1.689525674370392222e-02
-1.587937604765743416e-02
-1.433848822412448279e-02
-4.401288979998979611e-02
-5.559024344476801160e-02
-4.798844275343321086e-02
-1.716228941340552927e-02
1.155775834942978503e-02
1.008183866329124059e-03
2.202083892771149187e-02
-1.399740385584807151e-02
-1.502037216177962847e-02
5.528611362850546773e-02
-2.109626413853630394e-02
9.639406465326426365e-03
2.164548617058612706e-02
-2.230467256544083066e-01
-2.081787131779457012e-03
3.470792101610083169e-02
-8.596887521696305184e-03
4.083013486453382357e-02
3.364792437333154890e-02
3.075013414976627418e-03
-6.893234227539853098e-03
9.225654446234111961e-03
-2.684086349841450364e-02
-1.786508057151505249e-02
-3.071368465802817513e-02
3.266117360259857341e-03
-1.406901922776109849e-02
-1.096403032312547737e-02
-1.404943954258902269e-02
-5.269079671233675710e-04
-2.773586494095220401e-02
-6.570843160959658619e-03
-6.959128541561498960e-03
-7.383404938747856194e-02
6.158725365626464832e-02
-6.168321236519618000e-02
7.297387887412284946e-02
3.826192555699353681e-03
-8.329310081929539034e-03
-2.670304201855865783e-02
1.460370644100793952e-02
2.521913276275971477e-02
1.242325612392434012e-02
3.490661651996233156e-02
-5.780427562894596694e-03
1.722547548126294667e-02
1.328243211152470987e-02
1.110372808941903142e-02
2.472408357981265015e-03
-1.178411818350335108e-02
-3.532362761596118464e-03
1.637386173202650362e-03
-4.032903606592461165e-04
-1.372743186433186130e-02
7.538418066206077801e-03
-9.040720020914997518e-03
3.292471694631933510e-03
1.241303834237783565e-02
-1.530655094297306805e-02
-5.313043285167357022e-02
5.144443766224968129e-02
-1.036631192508049859e-01
-2.789053998623337860e-02
1.678457293759175878e-02
-1.564468960252927976e-02
-1.663764510134817937e-03
1.130842673122407424e-02
1.871571127430197296e-03
2.117477678274737665e-02
1.128350900903055468e-03
2.200848043026330109e-02
1.334412513968549069e-02
-3.444097854168361172e-04
6.629976434709604349e-03
-2.559606775452303445e-02
8.763775948170075131e-03
-1.861830412359021664e-02
1.844790975449078080e-03
-1.786059062509087053e-02
2.966164733495840755e-02
-1.925995291919948421e-02
-5.927425948261828142e-02
8.847861809695274637e-03
9.418728666145734230e-02
-1.193843762769052352e-01
-3.952447291196396761e-02
-8.850588544665000112e-03
5.524733683734572159e-02
-2.590072468917746853e-02
-7.016009681602741396e-03
-9.100828493709647860e-03
-8.729364269975031787e-03
2.716695962086770194e-02
1.725731870120432443e-02
2.066049100587296836e-02
-1.336029035568154187e-03
-1.291271256593243440e-02
3.772883021817483029e-03
2.549928416026499625e-02
5.987703965090436856e-03
-2.440641015198179165e-02
4.984940300105458050e-03
-7.709377343802378824e-03
-4.163362427575459726e-03
-1.539347097407654796e-02
1.252455614212278495e-02
-4.243778315916589550e-02
2.262634505212424846e-02
-6.284700692622033347e-03
3.151366639329660768e-01
1.068966880318513585e-02
1.829438213539455460e-02
-1.138125571498698752e-01
2.643118688147378520e-02
3.245329360391244894e-02
9.746845574888782920e-03
5.149671423067436749e-03
1.721672340873475412e-02
3.051027492885223513e-03
1.940463711202772626e-02
1.559012895495054916e-02
4.232129236596286759e-02
1.144508994483891054e-02
-1.476130766541743425e-02
-5.746517200996859379e-03
-4.566932520815424751e-03
-3.527672296321181927e-02
1.643542680503917025e-02
-4.694278988956013948e-02
1.583357466924796564e-02
1.677572815523132449e-02
-1.778835044220757056e-02
2.724870111811511508e-02
-1.478251907061586823e-02
1.456071488109593748e-01
-1.389070109657329632e-02
-6.294721081418414022e-02
-2.145461302158330891e-03
-6.077940919618200072e-02
2.557910849256522789e-02
-1.924480872205400553e-02
1.319123646508647656e-02
2.410202706630209385e-03
2.226624218642992217e-02
2.488633298256576198e-02
2.983387078695816895e-03
3.002998217123287183e-02
3.824643170145959614e-02
2.037303543581645698e-02
2.205842323261338750e-02
-1.875438674285097307e-02
-2.253921328791606837e-02
-8.969998082195432612e-03
-5.178826863893865040e-02
-1.750331010978586899e-03
2.732922500598470444e-02
-5.947749129525871370e-02
5.935044580784318985e-02
3.735995816751405685e-02
-8.876119577065691435e-02
7.206864132412141299e-02
-3.510440936450213295e-02
4.347682927841309275e-03
-2.743851148459848163e-02
-4.126892945157681347e-03
-4.595431120518673335e-02
-1.387065746386344570e-02
-1.749847796385185436e-02
-3.193469638230857222e-02
-1.410737986590553453e-02
-3.770210467878946925e-03
3.888227981868306454e-03
4.031335147882202097e-02
-1.199528052654005861e-02
4.991543972971574511e-02
-1.262013629731405240e-02
-4.485527304741646071e-02
-7.452383461536679632e-02
4.713218710808014800e-04
-1.402382187382761047e-01
-5.316871458820063290e-02
-1.065161624007533586e-01
-5.530951004335984272e-02
-4.729013435028860124e-02
-6.583510625479749301e-02
-2.847955566684422235e-02
-6.397224936972342735e-02
-3.089115437335107975e-02
-4.422174615279510224e-02
-1.044996399673283130e-02
-2.962391788605126669e-02
-3.506832241649709969e-02
-2.254541227157330976e-02
1.472200568706095308e-02
-7.122226705303041916e-02
-1.797648365756077116e-02
1.679684201317907521e-02
-9.250271649400580998e-01
2.615079811438857371e-01
-2.014436655309354007e-01
5.418437999387959447e-03
-9.334543418049558172e-02
-4.432877974329959420e-02
-1.195959503875218405e-01
-4.851829922414250401e-02
-1.013091567837528795e-01
-3.336729795210811172e-02
-9.015841382813519211e-02
-4.602588766623729594e-02
-9.822664518094718911e-02
-5.221009627262614833e-02
-3.654165176565121742e-02
-6.263035056148483215e-02
-2.736176339611326447e-02
2.665765321507060914e-01
-4.745121497402735034e-01
1.808067763359884617e-01
-2.714216543716326813e-01
-1.546305031360379334e-01
5.479993366194951809e-03
-1.377427990318223494e-01
-2.328044848522628496e-02
-3.920373184704446790e-02
-1.194140616372283831e-01
-3.120044367008895092e-02
-3.435203668065864302e-02
