-4.239852898051978514e+00
1.019692135225375385e+00
-8.071144840738277149e-02
8.430315818878859890e-02
1.206191079311105391e-01
1.366264816485206757e-01
-1.214839111474168565e-01
-2.571899078608982370e-01
-2.926222366533813291e-01
-3.833914677342866173e-01
-7.844767949604851687e-01
-3.806702395562021612e-01
-1.116556136630333596e+00
-8.135231359052315092e-01
-3.175114771512564937e-01
-7.364651371273682745e-01
-6.901717073211799391e-01
-6.321259669556748007e-01
-1.178894510067933998e+00
-2.183176729797006832e+00
-2.744816136948612595e+00
1.719314693831391350e-01
-5.578711673885122790e-01
-8.244981019620507556e-01
-1.246936452529053607e+00
-4.007107303805235166e-01
-3.024261165329883427e-01
-1.879480391087171576e-01
-1.278167383534754009e+00
-9.832697492531794481e-01
-6.433553339121199643e-01
-1.586798021737836573e+00
-9.151259002910191453e-01
-3.470252171702699062e-01
-4.668135417960206923e-01
-1.397415617438663826e+00
1.250698284631199586e+00
4.945523013329006234e-01
3.866149264857097201e-01
-2.190345805800232859e-01
-7.197347347896796421e-01
1.231410151662085006e+00
-2.902205198537294861e-01
3.357414333905024417e-01
-9.197081127541031353e-01
3.935179770207458683e-01
3.135063378831804415e-01
-3.796007957090389295e-01
3.734207972782789819e-01
-5.957685291571082065e-01
5.194979518338560531e-01
-1.259675708493455948e-02
-1.382870230416741286e+00
-5.501759728891409545e-02
-2.638915650995214968e-01
-1.177419786211476804e+00
5.376606930982238408e-01
-3.777144303077956122e-01
-3.749644100814144565e-01
-1.160973188569428327e+00
1.227014664821312939e+00
-5.082136285038172385e-01
1.295401211444152101e-01
-6.057987766361242477e-01
7.104617552807827030e-01
2.226491057201532564e-01
8.648312560810647032e-01
-5.802624365548753049e-01
6.766972040211908235e-01
-1.673529408704937382e-01
2.387431714938075822e-01
-1.536208692308043133e-01
-1.395421052820542407e+00
5.500626389170168995e-01
-1.015368529850595447e+00
-8.293929269785760283e-01
-2.926657726301795104e-01
1.891696765148558057e-02
-4.442764176192348091e-01
-3.069408063614791349e-01
-6.642119431761853710e-01
-1.213439131316411679e+00
1.819734559487776515e+00
-1.626608326052179532e+00
2.353086166418902336e-01
-1.067577085547528892e-02
-2.772887708907933457e-01
6.863503039947214113e-01
-8.113407952326292527e-01
5.140993733628660411e-01
-5.297238110626144580e-01
2.987717625099385321e-01
-4.029660387560255463e-01
-2.173489126072161159e-01
-9.142205386009259749e-03
5.693398769254363057e-01
1.082683922266703291e+00
-9.906646803615383468e-02
-1.144771406118761936e+00
-1.152195435681161895e+00
-1.048447048860604802e+00
-8.593824439425203077e-02
-2.644089212081318085e-01
8.125095502642808443e-01
3.526311306508107535e-01
1.657076279627476834e-01
-1.347486134470238905e+00
-2.424534367208978913e-02
-1.992795073721641275e-02
2.973618376669779351e-01
-9.774007601746126372e-01
7.683060428149430798e-01
-6.206709604356753784e-01
2.728935330261761383e-01
-1.144087745621132218e-01
7.907797000107881225e-01
6.540747563433637612e-01
8.240709325320872969e-01
-1.684623183074426267e-01
1.252735786854058397e-01
-6.220490620536920368e-01
-6.590490524445130616e-02
-1.586701416480823301e+00
-1.832223294067290897e+00
-1.099301560466029226e+00
2.305008372025728614e-01
-8.057545096250761096e-01
-8.273233272292128682e-01
7.143490693416674198e-01
2.338422295295135844e-01
3.573044952120914552e-01
1.640109605475332244e-01
1.993680075297239451e-01
-9.114401416345700724e-02
9.963300960826331210e-01
-6.108771977247158258e-01
1.195947801361577856e+00
-1.080945677931264559e-01
1.115640294692994416e+00
-1.903874356608188378e-01
2.460840158279877232e-01
-1.295942969192050431e-01
-1.776219862214472311e-01
2.839239557329937269e-01
1.592493060667318772e-01
3.227643715704377469e-01
-4.307245540284376228e-01
-2.568175382322635869e+00
-5.815582276357469382e-01
-3.561545114308633381e-02
2.171471918641534882e-01
-1.682857578299438717e-01
-6.325962430050706686e-01
1.523475046870131688e+00
-1.443393333433533821e+00
1.541379329678117527e-01
3.449656192444099934e-01
-4.043334390387723354e-01
7.989993415902216789e-01
-9.847093720257809046e-01
-4.181524113779413465e-01
4.554093538670798136e-01
8.778414030394367240e-02
-6.799502727534599833e-01
6.732315772219897854e-01
4.405255942608641284e-01
4.502851194683714087e-01
6.528133055334324197e-01
5.805856416909327411e-01
1.755091487895643620e-02
-9.468411559796305887e-01
7.443193762654292112e-01
-6.052329194499317389e-01
-3.196897406452412937e+00
-6.301223107397299072e-01
4.357877494995926471e-02
1.796872143606823569e-01
-1.208154945355187193e+00
-1.821788308280322954e-01
3.893740245632178465e-01
-8.421759424852869325e-01
3.932930563874024732e-01
-7.892036500358237117e-01
-3.101244352001419902e-01
6.695560874694765630e-02
2.487395463345785374e-01
1.349433604823800925e-01
-3.759869753128169956e-01
-6.854500653288762846e-02
5.258152733315102356e-01
2.722929436700328720e-01
2.668779058086581113e-01
5.745817773893610036e-01
-2.300709860030583920e-01
1.297382928405950986e-01
-4.069137447450965062e-01
1.970074122173943953e+00
-2.389559385080907705e-01
6.795918250761138202e-01
-2.299993867005836190e+00
-4.924514511844735876e-01
-6.492830680640127028e-01
-1.459227333404058191e+00
-9.471229966846872461e-01
1.114772594944437367e+00
-6.529562414404976867e-01
1.056930170515216760e+00
2.115208884968894920e-01
2.587252139491235114e-01
-3.149631217326234744e-01
-2.892613657741125444e-01
9.826889009957265331e-02
-8.922041488757443961e-01
-1.002092266997948400e+00
-5.816424401650124310e-01
1.464833416311291381e-01
-6.315806664774997747e-02
-3.891857259964912608e-01
6.977102182563820199e-01
7.652971259607329602e-01
-4.967774654587395200e-01
1.852226328043745096e-01
-1.010786381659735556e+00
-2.114337511848111362e+00
-4.166387981276195029e-01
-2.495907131697174264e-01
-1.692827801201541194e+00
1.454305879627060261e+00
-1.381253874766825429e-01
-5.153858307111501558e-02
1.187217356887049352e-01
-1.004190491030256815e+00
1.744776977231513038e-02
4.293451499714898145e-03
8.878842215164302054e-01
1.559364325903289938e-01
-9.660258494539192275e-01
-4.071127764757542788e-01
-1.882167482373048983e+00
1.991869061529989160e-01
8.884186661483889358e-02
6.719187839179411315e-01
-4.132307181018084197e-03
-1.569261629303151662e-01
7.395089292460654828e-02
-2.417206346351334356e-01
1.679218541470244519e+00
-1.080316907398816806e+00
-4.180412200578319526e-01
-9.863899350744675942e-01
1.160687646703537856e+00
-8.142921279944691504e-01
1.324031525418436051e+00
5.508010261514037498e-02
8.426940559979964052e-01
3.000396770351202447e-01
1.418747699763584613e+00
-9.734932439304484486e-01
-2.336268749854878701e-01
-9.671402660640353588e-01
-2.137452729418960057e-02
-1.738278490482419558e+00
-4.725116024885543387e-01
-1.389691801458474429e-01
5.542297348561694981e-03
-3.197132604514071885e-01
-7.156660144374062948e-01
-8.943656089764522032e-02
5.737398636658608275e-01
-3.600468787539590210e-02
-3.884332403096057429e-01
4.418731632609503857e-01
-1.065837758988530948e-01
-1.290104439450511897e+00
-3.927676657590263298e-01
1.198012926429847802e+00
7.390069339124691328e-02
6.005843183462796775e-01
-7.273263905262412621e-01
7.325131728016900379e-01
-4.614089859970553209e-01
7.668353874507773948e-01
4.368078029812024199e-01
9.346473518095157473e-01
-2.115877730219501096e+00
-7.514334168262580826e-01
-1.441084840953152035e+00
8.048584602050056214e-01
-6.598281886622106018e-01
1.659329509365822797e-02
6.927724784835785909e-01
2.213981708180429164e-01
-3.690618565618685176e-01
8.708548341682100791e-01
-7.776292421773260966e-01
4.738172992085838697e-02
-2.429948186731502591e-01
-1.284581118597508009e+00
6.219944606440144241e-01
1.435046015418136034e-01
-7.794365684389521487e-01
1.243057129686048201e+00
1.155998604464699708e+00
1.354587815904961245e-01
1.332546584165215542e+00
-7.426108483421668405e-01
3.149461475271458366e-01
-9.927692647899738487e-01
-1.675948107474435567e+00
-5.555306402239206243e-01
-2.322549400604379255e-01
-5.246942718621224744e-01
-1.655167001738164501e-01
-1.337457299490006912e-01
3.139297549408860410e-01
-8.500406459828725725e-02
3.568603604099275239e-01
9.011452107598069139e-01
8.835728672988274468e-01
3.209063503723413868e-01
-5.715703216906431461e-01
-1.473114858764134505e+00
-5.384043470835518930e-01
1.047352286341454386e+00
-4.908877222248769767e-02
2.740315366127875629e-01
2.705655001287585876e-02
5.255825184374026682e-01
-4.042322314578904868e-02
2.518028039264202378e-01
4.921093564414197319e-01
-1.719793434383717123e+00
-1.832530100327488309e+00
3.374973768241788519e-01
-8.058611661632498757e-01
6.819604122871432139e-01
1.721868823971487994e-01
-6.116391757000855245e-01
-4.955105235815765452e-01
6.013582907885877127e-01
-5.946555784922145094e-01
-4.920812497107703853e-01
-1.049447334092456219e-01
-1.371845808067459815e+00
-1.720557957952957073e+00
-3.738622531641802582e-01
-1.446163734666926493e-01
5.971313720783247847e-01
7.039801654632479311e-01
9.011215318334563074e-02
7.704435789643933330e-02
4.040050259180219538e-02
7.462093716815318967e-01
-4.804911003437668110e-02
-5.184993876794833367e-01
-1.284493375961028860e+00
-1.030566951095281514e+00
-5.227415349802824740e-02
-4.070522561133796957e-01
-4.064219043836815315e-01
-3.310759115500827576e-02
6.756985505079018406e-01
7.924500353165039312e-01
-7.392509350410655378e-01
7.806058832326919772e-01
5.951559773441993106e-02
2.846305617431427182e-01
-7.003113824823256617e-02
-9.910404298580444138e-01
-1.841594061002137239e-02
-3.542525481074794147e-01
3.837861994221866691e-02
-1.946920021787480748e-02
3.810616982217572279e-01
6.563234818406669113e-01
2.112074148727565437e-01
6.292089600313506281e-01
-1.334486840970925625e+00
-1.004313805399352333e+00
-4.671059184431302080e-01
1.334052655708116430e-01
2.327201232987756996e-01
-2.640303892491570048e-01
-1.273166333022374697e-01
-5.263210945540460761e-01
-7.855945160870119182e-01
-3.556153020837573009e-01
-3.419830047821864616e-02
-4.837373592312624870e-01
-5.419164785012220431e-01
-3.009987378975879091e-01
5.012712007937710768e-01
-1.669802690954180324e+00
1.134413019308202070e-01
-3.511458412101784443e-01
1.599721741698738597e-01
5.250888116527470395e-02
9.061983397730681844e-01
-8.291753444429572628e-01
4.127471197942867986e-01
4.011444155905014020e-01
1.547455999015631800e+00
-2.474010337143156324e+00
2.089001211137397340e-01
-2.210101442159104757e-01
4.184549212928971862e-01
-4.580173787743443414e-01
2.699052437831353513e-01
-6.923237661747883021e-01
1.041660118167573534e+00
9.355353129310378657e-02
1.043771898431287704e-01
-2.045925799253035526e-01
6.456053437950575180e-01
-5.748036218790262275e-01
2.437987314199852040e-01
-2.485210168360064698e-01
8.536253495662009527e-01
3.112618686850162630e-01
3.001585037031698211e-03
-4.161078369440279756e-01
3.376506435689808350e-01
-3.707918521477614471e-01
1.404805094092417272e+00
-2.498244437919037719e-01
-1.176351834231437188e-02
5.936003013426802699e-01
-1.694378932850100217e+00
1.828779088957666887e-01
-7.716063564996409330e-01
-3.542923840850588091e-01
9.773144729391658458e-01
-2.771273350164884519e-01
-1.156415883139983114e+00
9.529236759478831864e-01
-3.311308199393235840e-01
-1.479733653205093757e+00
-9.875056296471175221e-01
-4.097208606524807561e-02
-4.914245565295857071e-02
-1.515046830017977797e+00
-2.434977601192690466e-01
-2.835493253067958852e-01
-8.295578000212834313e-01
5.867256986144314679e-01
6.742220645852977645e-01
-7.769230665810638037e-01
9.906636063968575767e-01
-5.844647168318222175e-01
1.289069264692209060e+00
-7.798540806102507439e-01
1.195082503263591889e+00
-8.703323989603846123e-01
-1.430517113874927027e-01
7.793896821892222215e-01
-1.437656365777230327e+00
-5.951268010471074676e-01
4.385315841246137936e-01
-6.443591378439343931e-01
-9.968249304162299929e-01
1.370703030335508110e+00
-1.636693476387102608e+00
1.491808824112079296e-02
2.867717192391619485e-02
6.326907863278926625e-01
-1.859351205826385578e-01
-4.493445638866320757e-01
-1.147967232699976803e+00
9.911653072189021696e-01
-3.662492832065685627e-02
-7.061415611996374464e-01
4.335817001824020522e-01
1.133907808852106652e-01
1.847761266401282687e-01
7.116885572554462192e-01
-5.372013647925600877e-01
8.069572727390190714e-01
-2.808197802662225073e-01
5.610333196205419259e-02
-3.129891687338341999e-01
4.326707936607708249e-01
-8.831782077479741755e-01
3.942224850626457333e-01
8.205073580513797538e-01
3.730744131744349046e-01
-5.157553194186781376e-01
-6.455796897862066119e-01
-7.992608782202493822e-01
-9.494055315550342655e-02
1.170444114625714682e-01
-1.512357016095237372e-01
-2.405194917875139726e+00
-3.756517558314782512e-01
6.116216061716515107e-01
-1.582761883017212018e-02
1.864394964159302726e-01
-1.995413028604333949e-01
-1.155575796773825326e-01
4.109106101687581836e-01
-2.751339753341093819e-01
5.870088952132803684e-01
2.908774960809999977e-01
-7.727526789385121830e-01
-1.044991881316160720e+00
6.764640183537792284e-01
-2.565826865851714156e-01
-1.609609729233863362e+00
-1.326119624391584040e+00
-3.129947245953056956e-01
-3.562202204202088301e-02
-3.607106471792462243e-01
-4.446077203515033105e-01
-2.762088116970895513e-02
1.975366101574193567e-01
1.537662507060145956e+00
-9.953572377062918086e-01
-9.914139458732457166e-01
4.035877306322352420e-02
2.270984485501341965e-01
4.044814752130225788e-01
-1.327256093507481194e-02
9.297881082422736476e-01
-3.797939564359671949e-01
-1.151812187718967706e-01
4.565984827417730596e-01
-6.304610681942542927e-01
6.542320472418081678e-01
-1.940183307877555441e-01
-4.803024342562517424e-01
-6.098060559364771871e-01
-1.253993517441810202e+00
-7.901739800066071018e-01
-1.115570826842886554e+00
-3.957085347514354146e-01
-9.988396061281277216e-01
-1.248055128073949360e+00
-2.390043389191796930e+00
-1.903909940650051924e+00
-6.920027843933200806e-01
-3.376182957926419537e+00
-1.232296741961291353e+00
-2.876234230445181783e+00
-3.339096840799703259e+00
-1.158896678567173932e+00
-2.353247752979394924e+00
-2.392044332514081884e+00
-2.672208203904920421e+00
-2.262223039223123067e+00
-6.312918876845085014e-01
-7.886976187364370672e-01
-1.237367406436168604e+00
-1.208193440366665428e+00
-5.611911248256472307e-02
-1.259847372975288204e-01
-1.889511747652455054e-01
-2.932866533100982331e-01
-2.704216014269636981e-01
-8.430262792293212737e-01
-6.380090153714287338e-01
-5.980979813925365596e-01
-1.452982504403085851e-01
-9.292137860122355875e-01
-1.014289658686507112e+00
-1.870918125558618472e+00
-1.425926244115689245e+00
-5.083570261324233952e-01
-5.301500265230674191e-01
-2.857714434368191850e-02
-4.706225688990097605e-02
-1.210887349499986526e-01
-5.261770676569779703e-02
-2.027190692388776416e-01
-2.342400239199709244e-01
-7.422398880273642363e-02
-2.266695370535058984e-01
-2.775354791019735701e-01
-1.696458057555004784e-01
3.415755172438483551e-03
-7.284453373766133777e-02
1.653600326699139478e-02
