-2.313092885219614203e-01
2.637382271212014295e-01
-2.799392916514009122e-01
5.297713902853307122e-02
-1.222830616358681621e-01
-4.436851661305041272e-02
1.894752550798959323e-01
3.512409929161037780e-01
8.805604100601687190e-01
5.498978293897398562e-01
8.537176345964270219e-01
-3.773308569369663856e-01
1.405563297333311201e+00
6.470454312593374446e-01
-7.155182842987029002e-01
-9.782304807325123419e-02
6.351801693462097997e-01
3.014121047140716492e-01
1.330695352465783632e+00
-8.380217396425283516e-01
-3.092818757363602900e-01
-2.622369865522590215e-01
-1.476823617774238873e+00
-9.020142770723744707e-01
8.409709344949650722e-01
-1.052440274724953495e+00
-1.915234019800471921e-01
2.155032404252776868e-01
-1.956352236755449781e-01
1.989234849667123051e-01
1.191851615808469544e+00
-1.066506123333222478e+00
1.321407859139035912e+00
-4.240247712782165279e-01
-6.082550472343606351e-01
-1.178921909505131982e+00
3.151563297151459553e-01
-2.677723183169252730e-01
3.355681519490200104e-02
2.649569170969252596e-01
3.270129621452935731e-01
1.847750021131812082e-01
-8.691650423570755901e-01
-9.830328411218852702e-02
-7.535615858436739423e-01
-3.107975924343372442e-01
6.228809408703114281e-01
1.239888017931660702e+00
-6.962501551359704388e-01
-1.763328109961508350e-01
-9.254800027878624658e-01
-7.304136732115851238e-02
-1.073628709396390768e+00
-6.273401556802893353e-02
-4.844630945663037092e-01
7.017332117728252161e-01
-9.445362896355622429e-01
8.523598226056745553e-01
-3.483391845109978791e-01
-2.763431179822267714e-01
6.395925955090115966e-01
7.323515250160118617e-01
1.023641943921284936e+00
5.586811517475984701e-01
-2.015495102690469387e-01
9.374189675992231630e-01
4.116604629988440678e-01
7.968019114969688843e-01
-1.169190952594478361e+00
-1.402427038050245434e-01
9.276577696978023369e-01
-1.384204084063962670e+00
-4.068085920040293568e-01
-2.972039014302346738e-01
-5.651705594231540841e-01
1.169990274973088384e-01
1.254831340358364189e+00
2.897795033130743381e-01
1.664510050932652419e-01
3.334112081033568931e-02
7.241055936007847471e-01
1.808904891180441177e-01
-3.334835104835370823e-01
2.223832232385208885e-02
2.044209903732115308e+00
-7.714844441899562089e-01
8.548549111272504275e-01
-9.885100436522460399e-01
1.645149203217131095e+00
5.705898386449843596e-01
-6.622873737603590660e-02
-9.559978840849292503e-02
-1.150070743220020231e-01
-6.482308919024307725e-01
-7.046601533993275268e-01
-3.598598041053528984e-01
2.935842476603817697e-01
-6.164925699903142098e-01
-3.640438800833779576e-01
-7.316265707134388396e-01
1.522381879072443933e+00
-9.764953526008597340e-01
6.825382793999552611e-01
2.985572512355557651e-01
9.241240995536159630e-01
-5.082335160077943170e-01
2.977567448834106401e-02
7.483147017216429386e-02
-4.043513183019622481e-01
-1.751470950585110042e+00
-1.361543082507384594e-01
-5.655193040097294954e-01
6.632577690815125160e-02
1.187922424072799382e-01
-1.281795701091350992e+00
-3.224448763612060564e-01
-4.324106863625964414e-01
2.690115348574174670e-01
5.747590332653429446e-01
4.004947334233245892e-01
-2.749070555759663415e-01
-2.771994424739774865e-01
-3.012308929030673710e-01
6.497744533241106568e-01
1.384948836635266356e-01
-1.375641011026876859e+00
-6.231595371742624234e-01
-4.779350620432911700e-01
-7.830783956918037081e-01
1.359431034968007657e+00
-4.948578562637710732e-02
1.078664284006283225e+00
-2.340032109350332901e-01
5.285319556290393184e-01
5.953074289490863924e-01
-8.001273747004955528e-01
9.900682109978886647e-02
-7.390415457185659509e-01
-1.120391072105814567e+00
-2.761877443729344739e-01
-1.229107529128595222e-01
-7.744263952314345278e-02
6.357839807380972763e-01
1.247166042642304351e+00
-1.618177979109332032e-01
-3.806818476561826259e-01
8.888622644012300622e-02
-7.185324049977916960e-01
1.015496224956564220e+00
8.815381669294878320e-01
4.354984874471556910e-02
1.084687252305148508e+00
5.898524790367326576e-01
1.047425836399712429e-01
3.285008585850711094e-01
1.115828946860658172e-01
-5.046222487595584116e-01
1.504641616369168489e+00
1.285132328321102246e+00
-2.700131141592537753e-02
-4.436750192137898230e-01
-5.871531173215458477e-01
1.048065569965597632e+00
-1.406730656560466475e-01
1.955931735505670677e+00
-4.484067210020656336e-01
-5.346447715035109738e-01
3.568271976615444152e-01
6.793908116141993414e-01
7.620053729753564209e-01
3.760798063373962385e-01
8.848150152047260519e-01
-7.434383172195468958e-02
-1.083898431592408729e+00
-2.140297338455313669e-01
1.999928096926250065e-01
2.034037651886391740e-02
-6.592867230640758747e-01
-7.698550689962038174e-01
-2.828860354544034394e-01
2.050216313230087684e-01
-3.608002725546065048e-01
-2.596378070560978468e-01
1.681695742652815184e+00
3.449068414961513618e-01
1.582377130417677913e+00
2.766388137452491236e-02
1.945958485118950421e-01
-7.712562907141111701e-01
5.202128251817912385e-01
-1.240360763204000794e+00
-1.033108490164364568e+00
-4.917630103563054300e-01
3.440068427600217471e-01
-8.591451509142397081e-01
-2.943815719869307679e-01
-1.577372356604739956e+00
-2.200938941387553527e-02
5.060709216400284260e-01
-1.043551738258820194e+00
-6.525081997494837083e-01
8.372539514105780123e-01
6.336332429371586139e-01
-1.181357940829266262e+00
1.566401569700187624e-02
-9.216988571099155036e-01
1.193144935053201960e-01
-1.067624340973793551e+00
-1.585332828244245817e-01
-1.218613207705223078e-01
6.424184084907175185e-01
7.281637550287693994e-01
-3.556810820557885777e-01
2.322183860227358121e-01
3.096479711382612576e-01
-3.816993787235019031e-01
9.631663784749491808e-02
-6.178849634149492509e-01
6.299784018601521929e-01
3.114550410179012241e-01
1.319478289460333520e-01
3.631094655951210282e-01
2.111102565510042939e-01
4.270395341965124714e-01
-6.906989467888210443e-01
-1.173294452820730749e+00
-1.047146572307537493e+00
7.350999914197523522e-01
-1.058133721372142566e-01
-6.018176730509564587e-01
1.711285619364750765e-01
6.302999836925498034e-01
-1.240821846704051268e+00
-5.628601447993706319e-01
5.261401830614715891e-01
-3.653145108603904623e-01
-3.215029862726057064e-02
-2.711963168410775338e-01
-1.092485420372414140e+00
5.481885818616802908e-01
9.628259136769039550e-01
-8.555154466084884390e-01
-5.113902744412860413e-01
1.961270929938966623e-01
-4.497537687101268444e-01
-2.499986001736931307e-02
-7.657755359243844095e-01
5.736238145639336317e-01
-2.752749903831497313e-02
-9.795355740364026786e-01
-3.379874076091501367e-01
-1.518509343590325189e-01
1.785663318678916145e-01
3.182305819191980079e-01
2.674184902825642030e-01
9.602549884397446611e-01
9.933313752323746915e-01
5.301319554166235015e-01
6.701935750524172786e-01
-1.023191728056696892e+00
-2.233826862584181727e-01
-1.740903039803374242e-01
3.840420239626706200e-01
-7.949612723495798061e-01
9.033588942367332120e-02
3.989409209943447499e-01
5.955432918544378840e-01
6.578548867122135935e-01
2.854801542697978922e-01
-8.928167487958538207e-01
3.363070610600055743e-01
5.267392158524453194e-03
1.767793182521082418e-01
-3.080182138201502662e-01
-1.426667401458476814e-01
8.890794346148238603e-01
6.544750920022426310e-01
2.076384569823749304e-01
-8.724592405876531176e-01
-7.016969301877074017e-01
6.032886838499660342e-01
5.039956062155677152e-01
3.212799015139853331e-01
1.961852259692266620e-01
-8.555476256867874385e-01
-3.206299821075994649e-01
5.857594055412753686e-01
-1.525268186197588638e-01
-2.337161406611589498e-01
-1.073256156480927537e+00
4.085731283068818609e-01
-7.615357659837346249e-01
-3.523578883178810073e-01
5.527655424991722022e-01
-9.027010275262568051e-01
-6.298462059665851931e-02
6.301524183764334319e-01
-1.124701899007396699e+00
-7.094943117702499080e-01
-4.506380420648883334e-01
-8.755989591504955705e-01
-1.621302236363805771e-01
1.978313821426555541e-02
-5.173842992298216537e-01
9.043513601210535491e-01
-5.975589448054252628e-02
-3.387408399995538999e-01
5.442063827570198242e-01
5.449433640362486564e-01
-6.681869118139756036e-01
1.544544745139255770e+00
-8.338476327651853648e-01
9.259443259459537723e-01
-5.808120434315089398e-01
-4.297018983831416561e-01
-9.237032788977993514e-01
-1.820729988332728810e-01
-1.590182789887875925e-01
-4.334527529046571792e-01
-3.141717705449231235e-01
9.135500064189561176e-02
-1.159876916381446410e+00
-3.115181538266852956e-01
2.919067427881380516e-01
-3.740781963032124291e-01
3.894280963003474150e-01
-1.117825508736913775e+00
-5.109299114347057857e-01
-6.254224506277519247e-01
1.623728823851857961e-01
1.726641399709705760e-01
-8.756411900598084497e-01
9.967858006244907643e-02
2.536813526195790258e-01
-9.557656932903945135e-01
-1.117653461064110898e+00
-1.228859592211019924e+00
3.028809969792571333e-01
-1.279956722935952307e+00
-1.302525135356841890e+00
-6.918629567750768095e-01
2.480578892035332772e-01
4.749311896437395930e-01
3.714442081006491536e-01
3.407465128015413347e-02
-7.147539647406649932e-01
8.385542372371525000e-01
-8.616290905086230190e-01
3.495393879521124791e-02
3.514360342622193656e-01
-5.435687675609680580e-01
3.992587355246401959e-02
-1.337054328203201470e+00
-1.240208271922520034e+00
7.089925217067105656e-01
-7.992346767633938809e-01
-7.818681715326312176e-01
-2.830372068572944988e-02
-6.962436779267051901e-02
-9.186529577925122148e-01
7.010504718952872416e-01
2.561422962244119805e-02
5.291445045440673622e-02
4.017344619303349074e-01
-1.243135475866864237e+00
-2.841636462148322551e-01
-1.652907100684223307e-01
-8.668126005730815153e-01
-2.535635643958614183e-02
6.650154625341031522e-01
1.826237490097069038e-01
3.903330581420680345e-01
-6.980343602772337563e-02
7.800254108953663668e-02
-2.456415342180263695e-01
-3.907164625830359950e-01
1.481511753977914125e+00
9.680086634688700453e-01
1.726031684846792480e+00
-3.496181939773609360e-01
-1.411515677649438083e-01
-4.881635798040760976e-01
-1.110534710226012134e-01
9.926541542195224110e-01
-2.572473358629221579e-02
-5.447915572787692673e-01
4.823006834388881003e-01
3.093723289612652083e-01
-2.366966095969192940e-01
1.159546402284507005e-01
3.805932725230974922e-01
-4.400596894715447238e-03
-8.151792200167959357e-02
-8.686829478266724358e-01
2.273142033160161779e-01
-2.858959901874935650e-01
1.037078927977438947e-01
-4.500709567664712418e-02
-6.446117706869929354e-01
-5.189338443734587969e-01
-5.180237395089534180e-01
-7.448491236224625833e-01
2.598275796174516761e-01
-2.461166589636683000e-01
8.655356923568424676e-01
2.465017363145527440e-03
8.795843264916108906e-01
-3.238968303015304917e-01
-2.985935682907235322e-01
2.491321770555364190e-01
-2.421006168079609111e-02
8.004838248112553512e-01
-8.019009355825562624e-02
-1.165707072602032712e-01
3.005549561459393004e-01
5.734032406570604978e-01
-2.182117386334383013e+00
-1.205862473153148207e+00
-3.693505350744021865e-01
-1.444960486218258566e+00
1.659342954413386972e-01
4.992420596995371107e-01
5.919425881507156539e-01
-4.129983282629090535e-01
5.740807928470159638e-01
1.546460889303444830e-01
1.595208886503354906e+00
-2.185488245774695748e-02
7.494353676570573164e-01
3.911529948373453913e-01
-5.401557732785061683e-01
7.250998753222684945e-01
1.100814812091484018e+00
-5.160568186468614815e-01
8.782469073087453282e-01
-9.009262888777852529e-01
-1.943794723365466770e-01
-2.639415469128684189e-01
1.064665958119259237e+00
-3.297601655083822747e-01
1.082632256694992856e+00
5.561897668729552935e-01
-4.608284577708935403e-01
-6.153845849700247950e-01
-6.136903768020689487e-01
-4.071082938511391136e-01
-6.536930933459430548e-01
-2.998320467309655291e-01
3.777880393656833369e-01
2.108493351942203331e-01
-1.285253613187403721e-01
2.535855078184967581e-01
1.322029348108017865e+00
-1.519485150310666111e+00
-1.316325087444358277e-01
3.520411184744439703e-01
7.547074506180345699e-01
6.860340002554704553e-01
1.199145341324013847e-01
8.714822132902891871e-01
9.768579617787918057e-01
-5.775641116002291353e-01
-2.306691173999231292e-02
1.825600790543341345e-01
-1.147633719302620925e-02
-1.060232118985191097e+00
-2.759156108155333964e-01
-5.383095242465448793e-01
1.317517687832187256e+00
-1.157078169877104212e+00
2.977443393606590272e-01
2.979430842074198837e-02
-6.573812066313993174e-01
7.676238908420158769e-01
2.496669692149509623e-01
-1.334133900374210591e-01
4.725361033355747198e-01
4.013627798280463010e-01
1.078952258995825364e+00
7.867993395985409810e-01
-9.742272448109536853e-01
-1.153142984748864563e+00
1.050366991449828563e-01
1.146184639690900786e+00
9.403914856015774815e-01
2.026673158616875692e-01
3.952339447423424690e-01
1.453797791325174060e+00
-5.890599916969027072e-01
5.331797802885696047e-01
-1.316538918331997543e-01
1.204055580364071787e-01
-8.297079614066883435e-01
3.291673956066364370e-01
2.060421000769104838e-01
5.655318285391757183e-01
-3.855165044528245932e-01
5.229443635514651190e-01
4.195566536477277064e-01
-2.980856217799272567e-01
-2.547875037484469973e-01
7.087627950528010423e-01
-6.741483285276109738e-01
3.032553798374016951e-01
2.392893893544234540e-01
-1.152648151447918323e+00
1.562537513093881225e-01
8.773540575629276694e-03
-1.393841199292489286e+00
-5.228471816198377864e-01
-5.590567940793179647e-01
-2.797354752002929601e-01
-1.024388177472650874e+00
-1.423598738543597753e-01
-5.950301186128131165e-02
-2.651763351685421655e-01
-9.789859512595899815e-02
8.329381165430174150e-01
8.422440007900031667e-01
2.176105956462732749e-01
8.816073034418499266e-02
5.872583839030620645e-01
-7.326997320808885661e-01
-6.277942093737288731e-01
9.851250111794518372e-01
-7.912326224742023406e-01
-1.340226734148836085e-01
5.447886538442620052e-02
-6.885134282682487950e-01
1.017276351948827040e-01
4.089372325160213206e-01
-2.019916008622821280e-01
6.680124657987304149e-01
8.535488397175436392e-02
-3.820626658743461190e-01
-5.084868848539068065e-01
8.244190256705632436e-01
-9.151744658404081800e-02
-8.606011531428048311e-02
6.055799632754034212e-01
1.163856032943227925e-01
-6.601203401716349006e-01
-8.820622398159851940e-01
-1.191758360234310921e+00
6.915596260956724528e-03
8.475296357540511583e-01
9.545937276841428565e-01
4.494786737978437308e-01
-1.912542597757329599e-01
-4.193002170640511839e-01
1.952717890503055109e-01
-1.924792955213524781e+00
-8.209158474161272201e-01
1.364125802662473852e+00
3.978815608458277087e-01
6.490139231495267724e-01
7.000441341106365956e-01
1.537617079629434447e-01
-6.128692636747120615e-01
-1.462776442671793514e-07
1.908093605664054337e-01
2.186815238475664502e-02
-2.328964528326626648e-01
-3.575043162749387271e-01
-7.978373761866053293e-01
-3.176720093783406140e-01
5.094559486574705698e-01
1.762980217428016805e-01
1.171790934504156834e+00
-7.254155814110068157e-01
-7.573086209500046184e-01
5.535616444489412924e-01
-1.469034993271275402e-01
3.018126094163187112e-03
1.643158719438695403e+00
3.022611027918069015e-01
-2.395349040262128085e-18
-5.146051291598740759e-10
-8.361301654499151944e-04
-1.421831658481062521e-02
3.033334430362296663e-01
-6.125551075408155466e-01
-4.865604731497753521e-01
1.182424583135468499e-01
-9.088886552431951760e-03
-7.635626813473104235e-01
-5.039629941727531426e-01
1.481360410267662520e-01
3.197705885472068577e-02
1.272811963252189482e-01
2.358328812434328792e-01
-1.079151479460444679e-01
1.101407759303108802e-01
7.966160063418414872e-02
-9.188650858730215698e-02
-1.878766053348906728e-01
2.720762852026722411e-01
-1.455431081310779029e-01
-5.139747563525513818e-02
-1.771149474600486329e-02
3.209189189111329860e-02
5.821311506538984215e-02
1.878028982868128749e-01
-2.423316209906586638e-01
1.806887579169315639e-01
1.780919471130051890e-01
-1.388797755590349611e-02
-2.247040564380118344e-01
3.673625876415274188e-02
-1.088185998262983789e-01
1.822339114763099621e-01
2.270566990352586301e-01
-9.909180040409222567e-02
1.947995908775202178e-01
-2.539532432151154692e-02
-7.591899268706880921e-02
6.072432796192858695e-02
8.258138203066912181e-03
1.852142144511301908e-02
1.675560805765153316e-01
-1.528489179578494672e-01
-1.449056548762963081e-01
-1.447790051348259999e-01
-2.224467268530690989e-01
-1.421168442569955559e-01
-6.386958943060476457e-02
1.700485509753477675e-01
4.918653109496742837e-02
-2.210474677297852575e-01
-1.224100738556350987e-01
-6.591542694437609040e-02
1.875678781731343059e-01
-1.611968557613207564e-01
2.087091116870328777e-01
3.427603787608865527e-02
9.317880375678586069e-02
-1.370596639068967504e-01
2.721386365708320515e-02
2.106387501328938205e-01
2.991178929407127887e-02
-1.197805050792647430e-01
1.176761326814061981e-01
-6.457792266437965834e-03
-3.212267925215650521e-02
-2.205989729085537643e-02
-4.254932695704631562e-02
1.377407036912629001e-01
7.349854120079223757e-03
-3.683503630042224419e-02
-9.313754939919620390e-02
-1.305105656670366987e-01
-1.975617198535561947e-01
1.473875662715696810e-01
-2.506860532409617148e-01
1.499659720064680235e-01
-2.190063859095510712e-01
2.953868799863082484e-02
-1.074499873500103925e-01
-3.134606182621764436e-02
2.296195804349230596e-01
1.570861207143975091e-01
1.221497460579024918e-01
1.376845163805408001e-01
-3.945970583974318935e-02
-4.060396815867135106e-03
-1.547837308231329034e-01
8.581307223492570802e-02
1.323760324398999266e-01
1.084325255581735370e-01
-9.198945903990111972e-02
-5.455850033146978501e-02
-2.364294709017004115e-01
1.537017207969672283e-01
9.746463593587111063e-02
4.542061712640770021e-02
4.299094224011094922e-02
-2.753303497690733348e-01
1.427878780739424147e-01
-1.690545207581993226e-01
-1.795054203308970031e-01
8.776224366119853015e-02
2.557839994724261934e-01
-1.933059184466611458e-01
-1.951303557085966034e-01
9.980410825032684508e-02
-6.625387230939128180e-02
-1.950061410547084262e-01
-4.266534462156701402e-02
-1.878802801855959659e-01
-1.844888930218694933e-01
1.703526764635936996e-01
-3.380661493006767437e-02
6.838945257913768561e-02
-6.556947088697875903e-02
5.069881167617931034e-02
-5.645107334821975603e-03
1.003192640990783618e-01
-1.505115365500193647e-01
1.669414225363798909e-01
-2.360578755510425730e-01
-1.607337215126347640e-01
4.012341552460015059e-02
-1.948900186792609235e-01
1.111008374432907730e-01
-1.522269063530037186e-02
1.978681954121865316e-01
1.684321915547308257e-01
-9.415766253001882358e-02
1.163422288833044355e-01
2.349314530098526865e-01
-7.627095959443683237e-02
-1.444269335830306311e-01
-9.208252071881228851e-02
-5.685570056738087352e-03
6.383374697025429034e-02
1.605176673347504801e-01
1.239580703884666374e-02
1.878138220125619151e-01
-1.167829746979128502e-01
2.097144483294421935e-02
-1.683423204944194396e-01
6.386457577678503195e-02
-3.648646316299251208e-02
-4.166552115462789085e-04
7.444323085259482720e-02
8.259587249378702589e-02
1.182206853068678842e-01
-1.569603212736167541e-01
-1.127819370311102243e-01
1.822263265158315937e-01
1.889321427198184522e-01
-2.644230881585625248e-01
-1.446014426321935997e-01
6.244369268554954278e-02
-2.890667838716758087e-02
-1.865905684422101696e-01
-2.414686044727700626e-02
-2.154402882891210402e-01
1.085266821355065359e-01
9.294669511397501971e-02
-2.274960788294981273e-01
-7.277024476201685022e-02
-4.876709045392461916e-02
1.003640540194057074e-01
5.356136835545004249e-02
1.791105918810426412e-01
-1.658963041202927979e-01
1.817676439228680940e-01
1.141413274686997881e-01
8.242911909244221916e-03
-2.507251933639291774e-01
2.538711554612661514e-01
2.027414761331857718e-01
-2.286572377853256510e-01
1.607609650424589864e-01
9.396286898193956239e-02
1.553892427429079404e-01
-7.462763464667290791e-02
-1.693657921574208969e-01
-2.483184367099144085e-01
1.512988111408122283e-01
1.752772263282883491e-01
-4.074013244370733311e-02
1.092965215894040332e-01
1.406152621132656655e-01
8.714366022804764800e-02
-2.242597087744096218e-01
-9.372516591339681569e-02
2.719034449053962799e-02
-1.980016601274030980e-02
-1.441848295428742044e-01
-1.782076638221622711e-01
2.018730164968234320e-01
2.423580331522855458e-01
-6.022419985690827954e-02
1.152150014743922174e-01
-4.047808816091165440e-02
-1.599522369436944536e-01
2.328336729710596131e-01
1.982490790598122055e-01
-1.559893997486369310e-01
8.824934036204737375e-02
1.213201689880861328e-01
1.777041136631565821e-01
-1.167186319937718875e-01
-1.733394453537476787e-01
-2.338290098613993520e-03
2.522168663282102208e-01
1.498134016976285510e-01
8.353958783052825576e-02
-2.308604765173882800e-01
-5.636909262366869566e-02
-1.934440747013174422e-01
-1.514653543437195493e-01
-4.868492742371192950e-02
-1.128975159154397001e-01
-1.498844144749921781e-01
2.442560662046180942e-01
-1.203212111840498422e-01
6.270143589850105115e-02
-2.441483935524175683e-02
9.115290568103745494e-02
-1.647675748887950931e-01
5.024591799743866050e-02
5.275039598977582234e-02
-1.728833132359248181e-01
-2.319202408163328344e-01
-5.813197948402559767e-02
-2.079613343415010474e-01
-1.671091825853951440e-01
1.960208036794645337e-01
-1.485274891255925767e-01
1.757183185507912304e-01
2.219076466047637530e-01
-3.587834633162987480e-02
-1.692173562031739631e-01
2.464454606521754854e-01
1.449492534416885470e-01
-2.381551690064745708e-01
1.787591803540718449e-01
-4.357232659682533371e-02
7.807125562216292447e-02
1.304049335788741715e-01
-1.318701004087385886e-01
-1.055422029186763727e-01
4.563707043938447505e-02
2.116465097353438241e-01
1.119274103773107432e-01
4.812136437128866628e-02
-5.516200023410429421e-02
-1.866888590104435197e-01
-2.154264002276587153e-01
-1.678224516742089500e-01
1.429478248154356923e-01
6.572633854311904500e-02
1.609799548005451109e-01
1.417983280487470354e-01
1.141254952987397764e-01
-1.029562207880671543e-01
2.051474969509934354e-01
-3.049998075402773207e-02
-8.086548394601100753e-02
-1.575756388725963741e-01
-7.628514029537747376e-02
2.316566662004189425e-01
7.007462737949401999e-02
1.786904126983706043e-01
-1.652404827515805696e-01
-1.166810762515369249e-01
4.063140524278725796e-02
-1.094511995065584886e-03
-2.259267372125212114e-01
9.616451059702723486e-03
-8.676677503202363806e-02
5.710147412924949928e-03
-1.870722787636780460e-01
1.025165067497285226e-01
-1.402452353444191835e-01
1.370418017275616407e-01
-1.269983608253900664e-01
2.046215778345146508e-01
-4.658795168187299801e-02
-1.209633073266456471e-01
-2.005683198540968437e-01
1.388239811068480434e-01
1.411244448116228123e-01
3.016521135617167976e-03
8.395016017618731063e-02
-8.791227840524958037e-02
-1.006924497747283265e-01
-5.793305926058847644e-02
1.268222408486203434e-01
-1.390831012456575366e-01
3.732294545418759352e-02
1.741173669734239621e-02
5.488447967277416961e-02
-4.230790756519473561e-01
6.909934288032867911e-02
2.429812363010979137e-01
-8.425041279714569342e-02
9.397296427122059370e-03
4.753884245480106963e-02
6.530783753753402476e-02
-1.102460029871081826e-01
2.560881320581125387e-01
-1.466646395553651838e-01
1.512197842113838231e-02
2.275663585006314771e-01
1.967455198278440509e-01
1.317744533088705539e-01
1.989066246748829453e-02
-3.210918433192797017e-02
3.140454016592253428e-02
1.942124717815742474e-01
8.580385612010221763e-02
-1.526148904020858676e-01
9.701236707058333297e-02
-1.223718632456954891e-01
2.797747738997289901e-01
-1.166529171823404432e-01
2.502836641934069739e-02
1.233308760124716130e-01
3.222168949121249210e-02
-5.189365638518990409e-02
3.984557040511114701e-01
-1.512926531565922383e-01
-9.182757892917053910e-02
-9.185254494074626685e-02
1.858007209158161477e-01
-1.656409572945593267e-01
1.832799251303917631e-01
7.257089308800139527e-02
6.391204192235083736e-02
1.626602899802535585e-01
1.128087789071765545e-01
-1.392581882543781624e-01
-1.014811435709059295e-01
2.233695809275523247e-01
1.769879954741697681e-01
-3.379783588113951381e-02
-1.639185622111176410e-02
-1.676614112496292164e-01
-1.184617849470253059e-01
-1.530389705641719278e-01
-1.370515225045021712e-01
1.981358544200826910e-01
8.286030344422587457e-02
-7.912523721693497103e-02
-1.836660743481863811e-01
-1.495663286409632531e-01
-1.240062469975701520e-01
2.387415524464155392e-01
-2.213399781908966801e-01
1.590356893276083095e-01
4.352944363788935345e-02
-6.392776547386982977e-02
1.818159635496202631e-01
-2.027108168464652194e-01
8.761880097262604583e-02
8.011798850839790820e-02
-1.110298112360822292e-01
-7.208042343461266988e-02
-1.466938062302236556e-01
1.752787970637531834e-01
-1.456666524177423205e-01
7.598963389322896389e-02
2.132296612796149848e-01
-7.016605837256773004e-02
1.991818218174971067e-01
-2.372172587595897664e-01
-1.654870786933872462e-01
-4.724971534033903242e-02
-1.136832133536619382e-01
4.800417135260350715e-02
-2.049740597574444545e-01
2.482943165336978508e-01
-3.051886175110596344e-02
9.713373119736223860e-02
-1.179039625984791562e-01
1.562665849891566316e-01
-1.168357040420326398e-01
1.237741263147213167e-01
1.223026486264814083e-01
8.103562761060068009e-02
-5.375515995980015976e-02
-3.317206837895862737e-02
-1.345881149632974921e-02
-1.766200547697509837e-01
-5.606646996111732534e-02
-1.831141280919520997e-01
8.195412982687610981e-02
-2.021179356345667033e-01
4.210502951321657555e-02
1.092281946234096301e-01
-1.801664902039340488e-01
-2.165322464099075916e-01
1.113892122244222183e-01
1.309989890361922815e-01
5.675814780142784954e-04
-1.520998099402384174e-01
-1.419490983731116485e-01
-2.323163911452990060e-01
-1.499605733771589566e-01
-1.606745633541348806e-01
-9.834830164148596066e-02
-2.134876456407455714e-01
2.099473459564735189e-01
-1.793110086776205092e-01
-1.220514589605227462e-01
6.648557633845431081e-02
-5.356857274962130433e-02
3.114357700107637378e-02
1.895289722111999087e-01
-2.015865356879071868e-01
2.294736789683193279e-01
-1.063381439565599662e-01
1.237238849754969949e-01
-7.729374969848409882e-02
-6.358261533369266583e-02
-1.811925282272586202e-01
2.532757455071723424e-02
-1.126807855491319399e-01
2.330388526196334187e-01
7.555218217746351161e-02
1.261287154544159239e-01
-2.024619693458843406e-01
-6.583553340980552449e-02
-6.379711863505570235e-02
-6.470595335315347529e-02
-2.226164838526050738e-01
2.168816443479009218e-02
2.096574526860298104e-01
-8.834351868774677208e-02
1.642699612347388594e-01
1.013104796942556618e-01
1.822759613875264695e-01
4.682921492272429376e-02
2.007448079002005503e-02
-3.261276856867525303e-02
-1.642294625787981965e-01
3.091310076808391483e-02
1.386179569989663407e-01
2.426548861741829599e-01
7.262076274503280471e-03
2.351361172866218707e-01
-3.267267031131544652e-02
1.483123894582144275e-01
2.758687254845892944e-02
-1.990672982542971980e-01
2.177032109775469543e-02
8.508137664146864232e-02
2.978391357483478608e-02
-5.769134867768976882e-02
-2.193978526577458898e-01
-1.801242985225562920e-01
1.269708597800326966e-01
2.903299558737758995e-03
7.562449966526300915e-02
-7.919154370472356042e-02
2.391731156997746188e-01
-2.540645678964390530e-01
1.823709859625312624e-01
-1.225972052751188868e-01
1.929388042635508949e-02
1.498431366249128871e-01
-2.011773857465193327e-01
-4.067276697533879493e-02
-6.100980917424641409e-02
1.998975559021958226e-01
9.375466189444939258e-02
-1.930540575799642444e-01
2.320053820535455252e-02
-2.574380867119203595e-02
-4.912480889103816584e-02
3.965275604088516759e-02
1.735684163500377519e-01
-1.934210037682768668e-01
4.814767276734026324e-02
2.223952581501775216e-01
-1.112345554753881305e-01
-1.071171828995973047e-01
1.893459399878904548e-01
-2.168608347419129917e-02
-1.006469338742245478e-03
1.627242795005558740e-01
-5.931179328279378993e-02
-1.509557171724416058e-01
-2.096698639156225896e-01
2.571102820890536211e-02
-8.803415429706450135e-02
-2.703593013242522325e-03
-2.316976143697979662e-01
1.969577924998779789e-02
1.389490681835325592e-01
-1.273122251335788158e-01
-6.383856729519798989e-02
-1.175644046083218763e-01
-1.599054379919887525e-01
9.902076315965065156e-02
7.748696478031757984e-02
1.626667561901973258e-02
1.454360243725311141e-01
-1.619884226458861431e-01
-2.132677251036536048e-01
1.780488384665373236e-01
1.697499084078660236e-01
-2.292054791230010435e-01
-2.481606445998819632e-01
-2.627572263123314489e-01
4.601591560098786116e-02
2.357053887684665283e-01
2.198109136225147031e-01
-8.412724967225855555e-02
-9.603325328375467151e-02
1.208013603342180942e-01
-1.575690430438766998e-01
1.884662903466006734e-01
2.976680710295698251e-02
1.554681934116026176e-01
-1.450863438833960850e-01
-1.068205518584596225e-01
-6.147659724358063571e-02
2.110597434575389453e-01
7.061924036338632082e-02
-3.651940577172625713e-02
-1.791394129286059400e-01
2.029220537787646828e-01
4.275940060772043250e-02
7.322819732349819533e-02
1.461825831184667412e-01
5.705166206939540907e-02
-1.113708887101578643e-01
-1.589924455121089486e-01
2.112153525487578398e-01
1.114225601306507024e-01
-1.420396476266540808e-01
1.520724630450725479e-01
1.353600111665540229e-01
-1.409692183553194478e-01
1.351336030259804311e-01
-4.087275797393339488e-02
-1.911146144035669736e-01
-1.445126647261499586e-01
-2.644922387665908370e-01
-1.746216303160535166e-01
-1.997783933795738154e-01
-1.475175422820995119e-01
1.539567582147172431e-01
9.336321741081876624e-02
6.726357127589699392e-02
2.502238883196233332e-01
-1.681280679052216398e-01
9.894907969816398030e-02
1.773398390565781857e-01
-1.750982543262876168e-01
1.395183289699299667e-01
-2.350397805294415776e-01
5.946560373804161970e-02
1.058623673664717962e-02
1.701638369228681280e-01
-1.924069819904327128e-01
-2.033429959754678995e-01
-1.295939589937713798e-01
1.219236971993905988e-01
-1.943006869441342155e-01
2.027557299548657099e-01
-1.750603846637492356e-01
-1.369969128409439518e-01
-7.948004146474774156e-02
-1.431257753583921599e-01
-5.036658183726767934e-02
2.467001659334037700e-01
-1.668178084181750620e-01
-2.863078812249190142e-01
-1.814784814902521970e-01
-1.429781864044238904e-01
-1.212628960748282914e-01
6.524482510013487890e-02
-1.122746288654713764e-01
1.932585251137324267e-01
-7.489924093069251498e-02
-6.809586236489488520e-02
1.968024713186178609e-01
-1.076850765161555257e-01
1.565447603240106567e-01
-1.379721043864834129e-01
-2.919097402465120616e-02
-6.244947440378090242e-02
-2.097180042489152074e-01
-1.508152279644942029e-01
-1.293972751577303348e-01
1.787804221227333179e-01
1.224090270661467583e-01
-3.125994176320690682e-03
-6.485912497470000537e-02
1.535271338628078353e-01
1.335594486886706456e-01
2.001774559097521666e-01
3.576469486556004690e-02
-1.745136187268656880e-01
1.523309159304831462e-01
-1.349066282815275519e-01
-2.420024256980851107e-01
2.014016143242792767e-01
-1.655276922453953747e-01
-1.720647378125732541e-01
-1.997097723768768290e-02
1.617245947451754207e-01
3.122969112986855034e-02
2.607402431242317187e-01
1.648987882338874000e-01
1.196559726033522841e-01
-1.605220322441861802e-01
-1.731109560246383572e-01
-1.854588177527815573e-01
-9.509938871222040069e-02
-6.076842513777067772e-02
5.836205456180361406e-02
1.676345104592622814e-01
8.946909279408277182e-02
1.941728020157384993e-02
-3.518442529110384076e-02
1.051979430184872000e-01
-2.835998479429457930e-01
-1.341669947803774410e-01
2.574089102119512806e-01
-2.031382686128511694e-01
-1.564522187782479978e-01
-2.015922248895694185e-02
-9.056431699234088195e-02
8.289149588199540286e-02
-1.804953898205514107e-01
1.219239604968665458e-01
1.986724822488989961e-01
6.006924889903540038e-02
-1.013030862445624403e-01
-1.474864256757784930e-01
4.529849172416375996e-02
-4.694988185682387460e-02
-1.473155713252950749e-01
-2.262778419675191555e-01
2.209747284572890491e-01
1.270400191381391708e-01
-2.094187256993208790e-01
1.622285469720237683e-01
1.313975268647760986e-01
8.714352731381810879e-02
-2.052488226572439789e-01
-5.310562092525712707e-02
3.531444244757655365e-02
-1.564086692696283198e-01
-1.367605328281441823e-01
8.160296713791972967e-02
-1.808589818454090226e-01
-7.162396696809451846e-02
-1.971829666688098004e-01
-7.568122026907560251e-02
-1.718815663826534501e-01
-1.682162288017444995e-01
-4.394601055316669364e-02
-9.768339396560826726e-02
2.072268501867666896e-02
1.805643441048732367e-01
-2.005065804360888215e-01
-4.837329877965239333e-02
2.588951669006184231e-01
-3.933038932264305843e-02
2.003976416248601788e-01
-2.054529705142770779e-01
-1.284091858825803234e-03
2.050554585648324546e-01
7.550396048391783133e-02
-2.588589852379561962e-01
-2.836562524736525870e-02
1.902632292266869252e-01
1.233049612160380948e-01
9.978784106934218689e-02
1.385162081054276961e-01
8.331986242949582233e-02
-7.616558605569964668e-02
-9.386955880179184697e-02
1.825710537660134858e-01
7.966952647850293612e-02
-5.005371011892454508e-02
1.764529581696823723e-01
7.776905690248214764e-02
5.184716022446067551e-02
-1.837903877836918332e-01
-1.503515833484813657e-01
-2.409576100253691400e-01
-7.921686256952668870e-02
-2.181483509335499227e-01
-3.019623919345401641e-02
1.262736327606853171e-01
6.774078599142338564e-02
8.490317346637972495e-02
-1.113638242441940818e-01
3.773071824888794140e-02
-6.445943632330242146e-02
3.558914669252506713e-02
-6.926610656499443408e-02
9.039628842648906454e-03
-5.499566638573623323e-02
1.969443005455519813e-01
1.341919726210566155e-01
-1.467654992125147495e-01
-3.516277947482752964e-02
-1.592175068484658063e-01
1.082600363368789176e-01
-5.605023367553621516e-02
-6.731013525605025749e-02
4.164774120023827242e-03
-7.248536625685116086e-02
1.514843613853209814e-01
-5.229818975652600344e-02
-6.639770529753083461e-02
-1.550068381682249141e-01
1.755411962525139924e-01
2.155556853431545017e-01
-2.036298074248778511e-01
-1.495491354771146253e-01
2.195828152620769580e-01
6.122860286181746464e-02
1.435432773327713352e-01
-5.654725378409785480e-03
-7.448673358464115435e-02
1.748468685095676614e-02
1.370208584983513278e-01
8.347125357461795958e-02
2.136947879955257701e-01
2.305051708098871943e-01
-1.909463013889529104e-01
-2.009640660267393228e-02
-1.960221067601155553e-01
-1.394781231614986849e-01
2.675955757162038623e-02
-1.538994153197371095e-01
-8.493171619171438480e-02
1.630765074031217676e-01
-1.254162141042761969e-01
-2.099353601699031624e-01
1.108709330857749198e-01
-4.816938093480926941e-02
-4.650755603562759660e-02
6.526405330755788436e-02
-3.662157741807618716e-02
6.630411521909651551e-02
-1.346858602528048787e-01
-7.217702210328713619e-02
-8.540076207728850011e-02
-1.738280929409695141e-01
7.352988987931134701e-02
3.811805248609998614e-02
-1.529675121142266558e-01
1.002461874134318864e-01
2.167629866336920896e-01
-7.393043206502736969e-03
1.322085065090479739e-01
-7.046105195284266265e-02
-1.169608218798419072e-02
1.330958666426585169e-01
-2.863400049068023229e-02
1.614884131310085347e-01
2.504275001402902490e-01
2.122167427762773340e-01
-1.376063780395093625e-02
-1.682845235949178286e-01
-1.312976077291886368e-01
7.099206202808860944e-02
2.501360031810644438e-02
1.267116655084816745e-01
-1.069242790530081089e-01
-2.342528904897590025e-01
1.252575657300822876e-01
4.762570829943871265e-03
4.712490312958979299e-02
1.289980718855325906e-02
-2.024402310959764750e-01
1.355514104071176285e-01
-1.716408547420433806e-01
-5.143056565704465233e-02
-6.690065260909125455e-02
6.832834942060221628e-02
2.067915156972948421e-01
-9.022234609668361438e-02
6.700335888815692198e-02
2.185325691060842068e-01
-1.812782868684216231e-01
-1.473166849383559518e-01
2.206619448079134571e-01
-8.458556224257370026e-02
1.958425286893387685e-01
1.952016996228325418e-01
6.633606135457462138e-02
9.712458841244768493e-02
2.359707367245467494e-03
-4.436582739980803047e-02
-2.387103198752807964e-01
1.633714203569572865e-01
-1.402617352861510736e-01
-7.489814351118107005e-02
-1.466039418798293081e-01
-1.667652283238811595e-01
6.974535402459600131e-02
2.795828375179769121e-01
-5.818657902570867346e-02
-3.995507754656153765e-02
-6.455582080624458138e-05
1.582692379648529823e-01
9.768132960627544381e-02
-2.016104634499991111e-01
-1.974031861523456999e-01
-1.268595829300078748e-02
2.188475526175386876e-01
1.716077490040604503e-01
-1.743756625343141353e-01
8.977786645702459656e-02
-2.963749275843192699e-01
1.655358512754613598e-01
-1.899425563216773916e-01
-1.511335227758645039e-01
1.163800533047066321e-01
-1.954799139350570369e-01
2.199405950741478155e-01
8.572994504768342849e-02
1.957695736847243073e-01
-1.931735484560898053e-01
3.852193944866388886e-02
-7.733898583342797839e-02
-5.439514096696081158e-04
7.184577268827337104e-02
6.825452027081982398e-02
1.559620813293289276e-01
2.273767081333927798e-01
2.851709697796686038e-01
7.497319257678142224e-02
-1.041528140284070370e-01
-1.765897023312219538e-01
2.312701517597028356e-01
-1.114244966021676886e-01
-1.252009771925077231e-01
6.959322733278809625e-02
-9.817206571934118664e-02
1.702159912242262596e-01
1.230414689739597334e-01
-2.044262262546805708e-01
1.497058345103097765e-01
1.497986465691309443e-01
-4.988107140239494974e-02
-7.767356937354603919e-02
1.436111382031787786e-01
-6.773327333130971240e-02
2.509450505512281215e-01
-1.422521096132158269e-01
-1.063480205923660882e-01
-7.291515284221157522e-02
1.635118783190087355e-01
-7.190152119418136839e-03
-1.244561146707990479e-01
1.109765661701482553e-01
-1.045349727437234061e-01
9.747363835119138981e-03
-1.835392338210845298e-01
-5.574209729165011812e-02
4.473273272210379070e-02
-1.811958143047954356e-03
-2.918643676569930567e-03
-8.571740839300989387e-03
9.374172287986337615e-02
2.093059844574795270e-01
-1.482000160373472819e-01
2.156592929834664774e-01
-1.322236529860208731e-01
-1.757084429581968754e-01
1.935190179026409774e-01
1.376167710644889408e-01
2.122914761401505923e-01
-9.251610938487422886e-02
1.345299644736421274e-01
-3.466695576596336842e-02
2.296821326976073441e-01
8.909747315977326054e-02
-2.100340016077447136e-01
-1.251711615296044189e-01
-3.521095637554991914e-02
2.584142538017022983e-01
1.488483339065594380e-01
-2.133489151179916998e-01
2.600601142925753617e-01
4.103079394878079988e-02
-1.058003816332441227e-01
1.922939813728274383e-01
-1.561581563429150776e-01
-9.317336903699896533e-02
1.436283292389029659e-03
1.861879065267862121e-01
-2.723920099780254706e-02
-1.450626238273133306e-01
-1.616510506890437571e-01
7.044500994436689312e-02
-1.670327401595210481e-02
-2.220348763050917218e-01
2.260573801496791324e-01
-2.303834389890954681e-01
1.758362440297871476e-01
-1.897053024927979406e-02
-1.698046187668569296e-01
1.802430923785101613e-01
2.982081759726051273e-01
-3.976306639528710829e-02
-4.818708479040409443e-02
-4.641491254895300372e-02
-2.494268174138181693e-01
-1.229184553006131414e-01
1.140618151499381144e-01
-1.871223763202971568e-01
-4.124146512715389651e-02
-8.057135992460306984e-02
-2.156510777596654660e-01
8.624997362267483592e-02
3.045660700669131082e-01
7.683989668391558170e-02
-1.137297888942126120e-02
-1.528850577002763833e-01
1.089819885181035619e-01
2.800269552530045836e-01
6.606397859382238946e-03
5.325374503412227956e-02
1.119988568346796526e-01
-2.231635310486755341e-01
-9.094876459591772627e-03
6.048900974222422289e-02
8.081297178521082425e-02
-3.853267486611629267e-02
5.886377129639690925e-02
5.445990445677870856e-02
-1.110592764582542663e-01
9.061738274073960486e-02
-4.493554712151005132e-03
1.509157825038647260e-01
-1.947332303979451007e-01
-2.378530988771135057e-01
-1.075638681429681720e-01
2.683572117671251256e-02
1.344707783598835804e-01
2.082281144889213120e-01
1.736125888542419116e-01
-1.958606705674512949e-01
-1.262635187428548800e-01
-4.444140806411511768e-02
4.356842044932147939e-02
-2.258438730359367819e-01
-1.687015209354868484e-01
2.027982557559246113e-01
1.824996308053060678e-01
-1.829850470730089440e-01
2.128553166358742102e-02
5.380880172463926858e-02
7.820472535342834486e-02
-2.613015026227007848e-02
-1.557529970056123481e-01
-1.202909797706717965e-01
6.893494008617390145e-02
1.802836388127819489e-02
-1.350492597474954870e-01
1.383439460425486267e-01
-5.338933543064969950e-02
1.910545801479002215e-02
8.819529284559290971e-02
-1.256088420006135353e-01
-6.592250180316394648e-03
-6.586492855221950937e-02
1.859837909415900103e-01
1.066917394674404829e-01
2.442521955458146765e-01
-1.044061278219536593e-01
3.271522250197924503e-02
1.842414701924695308e-02
-1.882026745545407054e-01
-4.172167659089683067e-02
1.599401614431419927e-01
-1.045709380940700178e-01
-1.834451431623929651e-01
7.672665762937944112e-02
1.889672960971987004e-01
-3.736061459478348667e-02
4.837547622511970818e-02
2.470692747935161471e-01
-8.574354467567331384e-02
-2.036609163793158261e-01
1.560707732020461536e-01
-1.920330525565272506e-02
-1.304590291299206062e-01
9.464452242819562655e-02
1.591543444500012061e-01
-1.699470541559885972e-01
-1.585976462795894437e-01
-1.945726309301811785e-01
-1.354619399651623701e-01
2.326125761673424330e-01
1.981843820766802655e-01
1.178579389628978957e-01
-8.406189109004652549e-02
3.650451538701360299e-03
-3.328151375228598219e-02
5.652331641623742353e-02
-1.350242221048782859e-02
-7.458480252282437273e-02
1.427866787370367097e-01
5.942269400774552457e-02
-9.643838749116455389e-02
5.033522303787305724e-02
2.111090866277108291e-01
8.823696980695143466e-02
4.064563479004077579e-02
-5.114744919055598527e-02
-2.110510201371524341e-01
-5.207778572866427619e-03
8.886466025046446671e-02
2.606510483073192774e-01
5.753622926626725254e-02
-3.203232422938508961e-01
-1.448972890437213723e-01
-1.591603900693727702e-01
-2.208444331282144457e-02
1.389958538426721291e-01
1.425106372700713220e-01
1.535678198293583541e-01
1.035926633524678619e-01
2.366252263367874531e-01
-1.681561600646180044e-01
1.027838886499675142e-01
-8.691726657749727913e-02
-5.984198275509688969e-02
-1.198421083243206980e-01
-1.292869081325887515e-01
-1.007414614180902335e-01
1.846014987601361096e-02
1.772284462872042998e-01
-1.342608573169364050e-01
2.201352806069697410e-01
-1.075463964706242087e-01
-2.605548042786313689e-01
4.639434280714192088e-02
-1.831088219609684764e-02
-1.729812043996670490e-01
2.670782008838530341e-01
-1.922691490443104168e-01
1.022240909048517110e-01
2.721972948799608050e-01
-6.845936757705717302e-02
6.157075484642193786e-02
1.610343114154175193e-01
-8.776930347264808030e-02
-1.170567529722957856e-01
1.349788048526091022e-01
-2.519300948392889095e-01
-9.500103114396774018e-02
6.720368896267511771e-02
-4.804392782303814474e-02
8.430612429579140144e-02
2.075320891910701904e-01
2.428072178117424151e-01
-1.948136556518065624e-03
2.473899212692312055e-01
5.773523902353194792e-03
-4.473589814820995436e-02
6.945369171418376564e-02
-1.857017582475955220e-01
4.676257897302562444e-02
-7.523128715807708700e-02
-2.202610294986110939e-01
1.407316432393384276e-01
5.354478380656232939e-02
-8.943023270540226277e-02
1.895073723366519913e-01
-2.225205098748375687e-01
2.146328162500508729e-01
-1.526614215494213021e-02
-2.446073074466746933e-01
-6.393198583933747819e-03
2.074558417686678813e-01
-2.448031987143495791e-01
-1.155308461625638994e-01
2.025128066844377739e-01
-1.951748804762702960e-01
1.422050982614796455e-01
3.295388505738879037e-02
5.046709318421638280e-02
2.437840128426561614e-01
1.050117567904857996e-01
1.420752210371677426e-01
-9.416673461440383530e-02
-2.541896404516938435e-01
4.929322303096990432e-02
1.351085195539298289e-01
-6.306769119386650135e-02
-1.454606332600965057e-01
-6.895459359426045487e-02
-8.705209079818806983e-02
1.804192638750834743e-01
-7.254154338113161238e-03
-1.470525201414957517e-01
1.479127713718976223e-01
1.144778834991830307e-01
1.820673500012149892e-01
-9.449510857907852945e-02
2.042892808579283292e-01
4.434345654646458523e-02
-9.580136450147477833e-02
1.967822587975728843e-01
9.552212819238121988e-02
2.451044231035119370e-01
3.763816793777856329e-02
-1.447683065523484164e-02
1.751734170650694478e-01
8.550120580177697494e-02
-2.081865247944997832e-01
-1.905347825635215209e-01
-1.142052356178998584e-01
1.842660133989661858e-02
-9.382044958697519088e-02
-1.712904889372596495e-01
4.322519855693312402e-02
-2.976558152569439702e-02
1.362845385750593719e-01
-2.269838344442626499e-01
-1.398442892682081468e-02
-1.149431476882147585e-01
1.147522257967397707e-01
1.726092184514360639e-01
-1.577083411241870237e-01
1.227044850036980717e-01
7.582137774822225729e-02
-6.847600768594264142e-02
1.348691289394710058e-02
-8.281651695405897740e-02
1.620828372481313354e-02
-1.950095167868821089e-01
-1.575053077070157070e-01
-6.456918122058305509e-02
-7.428781042271689894e-02
-3.777770436551218525e-02
1.201009204660597601e-01
5.554480806727078029e-02
9.576406059877713706e-02
-1.340530411298486435e-01
4.019297847802770496e-03
-7.149168572600106408e-02
-1.743080401901675736e-01
-9.562997710444839927e-02
7.104561663904103430e-02
-7.531030377911882012e-02
1.440995709829394344e-01
1.001688436849822172e-01
1.909533856242152106e-01
2.111765523477533713e-01
5.242999331635862792e-02
6.899007691599567949e-03
-7.934603488567518181e-02
2.252708065512276647e-01
-1.512248409404390315e-01
2.987243417511628932e-02
1.206594800860672778e-01
-1.627661555695092410e-01
-7.802341041415952749e-02
2.040890871949245788e-01
-4.975443334990203512e-03
1.673608594608216871e-03
1.976350792253225852e-01
3.641429706163135105e-02
2.760518502128417873e-01
-3.772436889895240675e-02
-1.108553248307088679e-01
1.653822283614058558e-03
-1.650558203439035920e-01
7.449677731372428280e-02
5.361812354642374323e-02
-1.888678947412487097e-01
2.583815402805662853e-02
-2.909903245957219664e-02
-5.361784001780976056e-02
2.030347186178978192e-01
-1.743410699511334094e-01
1.870919264878126154e-01
-2.037775009306834820e-02
-8.135872495993229370e-02
1.125791388648215985e-01
-2.656617288638478680e-01
6.987653615480146629e-02
4.952806885311098611e-02
2.241568917873534295e-01
8.979317697819547139e-02
-2.239913429048406845e-01
1.516670245384612037e-01
4.018525424965491144e-02
1.537562582437110026e-01
9.507862394616264923e-02
-3.481985303165276158e-02
4.332130874020587857e-02
-9.961375794334097200e-02
2.464087234348912581e-01
2.505428663027139402e-01
-2.330690843081583696e-01
-7.223686890205943678e-02
-1.686289269799258750e-01
-1.890172611732324759e-01
-3.766015060987570884e-02
-1.534295367514633412e-01
-7.632307906742899495e-02
-9.093779805721446952e-02
7.016632598831651010e-03
4.632933303396633701e-02
-1.880218666181141529e-01
1.576584706383176437e-01
-4.876052365560563928e-02
1.573324800545866098e-01
-1.902037161048228953e-01
-2.451722012641949222e-01
6.188120817155742803e-02
2.313422377139961496e-03
1.284574666500218065e-01
-2.635038823381216089e-01
-4.899232445350998333e-02
-1.302880417472639663e-01
-3.338015213309897256e-03
4.087831735949696427e-02
-1.989738995743732877e-02
-3.769825085824505401e-02
-6.123077330190769552e-02
1.202900021157158467e-02
-8.002910550471893647e-02
-1.419969028448191464e-02
1.349942749631476979e-01
-6.532124850886844580e-02
-2.001811861944993026e-02
-6.390681919300052194e-02
1.164712569293852584e-01
1.725009794861994683e-01
1.213710100934832087e-01
1.019504654188614912e-01
1.129241741514269981e-01
-7.213882516365008324e-02
5.778902860796908403e-02
-1.009204665622206870e-01
-5.114129714136921023e-02
-5.870192849704927718e-02
-1.110789950811275073e-01
-4.387741917657586588e-02
1.999142203031505638e-01
-7.205325987927291287e-02
-8.602920905304112242e-02
1.598489553318457046e-01
8.572196433597875642e-02
-6.022741840704948224e-02
-2.343569697259421658e-01
1.944117770834269676e-01
1.853022770806528330e-01
-3.977063017645003640e-02
-5.225129876377981181e-02
-3.071971085289020367e-02
-1.134624028966430276e-01
-3.810291299840710966e-02
1.348441282905916416e-01
1.294279900549917539e-01
-1.962075135885783458e-02
-2.022007541617499848e-01
-1.785638985637152953e-01
4.062510956289266950e-02
1.328025181145788269e-01
2.140726940993356031e-01
6.084522620053055969e-03
7.430796642134282481e-02
-1.030507764511906510e-01
-4.687535042497768117e-02
-9.460714527155833498e-02
2.985988475813659143e-02
-2.215050843538419745e-01
-2.005952293618255555e-01
-4.059229322850262112e-02
-1.242864070709385760e-01
-1.627640085571747941e-01
-2.370449085161640268e-01
8.625859522705760229e-03
2.569498782137004667e-01
8.283305865579315697e-02
-1.214025012164130779e-01
-1.712606925678060166e-01
-1.897508320431516848e-01
-1.030176998151449974e-01
1.496774614566141470e-01
-2.886678018153326225e-02
1.078957594555834398e-01
3.827503893842156696e-02
2.624442298549780478e-02
5.083050649918101349e-02
-1.208762560810657666e-01
2.124857889722012172e-02
2.937447833304680511e-01
2.120320590271425054e-01
-2.659694145478952443e-03
1.307129246089840380e-01
-2.029031509968839964e-01
-4.137958770103185302e-02
1.006761813920750842e-01
1.141387236915729353e-01
-8.217060814040590133e-03
-1.098645227214214981e-03
-7.015931872599409647e-02
-3.107384844848053509e-02
8.237458809618045108e-02
-5.005050934810548885e-02
-9.450159725525308918e-02
1.666506007239385023e-01
1.345202605975762411e-01
-1.254599648379136068e-01
-8.914685439038554093e-02
-9.951147080898818664e-02
-6.691935468631522721e-02
-4.349635808254714853e-02
2.038744299418759343e-01
6.899404230984360065e-02
1.452285714387145377e-01
-7.282405851285009279e-02
2.527553496823724544e-01
-1.450297436912880711e-01
-3.009009549781347520e-02
1.460358507144991491e-01
-2.044110605999588104e-01
2.879438853677971505e-02
2.822791168043912308e-02
-1.286575396413180972e-01
1.761899662029668967e-01
-7.344808347548574534e-02
3.413679500396615829e-03
-1.344775326015736350e-01
-1.598895230895806541e-01
7.077467598661509041e-02
-2.124115040227447793e-02
5.136964299348863172e-02
-1.022156426348732605e-01
-1.368915358998125109e-01
-6.188168752299150199e-02
7.833592065202373000e-02
2.033903068953351601e-01
-2.367116193988081652e-01
-1.844526534775665916e-01
-9.564659431864405703e-02
2.185187128411973656e-02
-8.484750515860700615e-02
1.600095888731267457e-01
2.099411945808540292e-01
-5.722006836927144569e-02
-3.627161960977166172e-03
1.586856841171176979e-01
1.118184959702160225e-01
-1.060608574600960391e-01
-2.047553439631637495e-01
-1.527287753510205293e-01
2.994116050432722720e-02
-2.150943062369088388e-01
1.925557764388148296e-01
4.189394461235715350e-03
-2.530905074035055824e-01
1.110604050381428093e-01
1.162089394510872065e-01
-2.107613222601783520e-01
1.456599091226870313e-01
2.100983448686053606e-02
1.854075414513635667e-01
5.986105311976863685e-02
3.568300507937114535e-02
1.086803888577343447e-01
-9.612276047557721109e-03
2.420682301838392864e-02
-1.519853928009245458e-01
-2.582674083255049810e-02
1.490872617850859672e-01
1.726557099478066015e-01
-6.408850687548735270e-02
2.246043864874782969e-01
8.946168485310904139e-02
-9.778016196698324780e-02
6.685649666860474238e-02
1.849037223463997348e-01
5.155578293606042500e-02
8.727852602997043796e-02
-2.867179505505662029e-01
3.807608720167406091e-02
-7.413058300271846424e-02
5.412398127924869518e-02
1.514483392720413213e-01
2.588209195082333963e-02
6.599981363147126856e-02
1.958334403608166796e-01
-6.283660953625491014e-03
1.122415244320638800e-01
-3.413128599567882837e-03
-1.027457138691175303e-01
-1.748288602136353065e-01
1.330863259687941891e-01
-2.156591752841665807e-02
1.470920424695896789e-01
-2.650485968976679096e-02
1.170279877734040908e-01
8.453386064990665860e-03
1.325800241205902230e-01
1.526741880710273946e-01
-1.894681554980379851e-02
4.273363645323589172e-02
-1.696712762239312167e-02
-2.067159692663016191e-02
-1.765786147782237928e-02
2.535317113037391934e-01
1.620932467825176859e-01
-1.979601254869920446e-01
-1.067548462182681401e-01
-1.537733016199160085e-01
1.777463037899688625e-01
-1.538170969785123895e-03
-1.619980836707408944e-02
-4.351137472865460737e-02
8.235612627259107643e-02
1.739916662067962361e-01
1.699287084755017330e-01
-1.407332172380735269e-01
4.923919719864582045e-02
-2.272557265793426762e-01
2.464153475845546337e-01
-1.020788568794218920e-01
-1.965286542088906796e-01
-8.406263806646971370e-02
2.249109816964072750e-01
-3.928341251373358017e-03
-2.048148384316381132e-01
-5.443993683602937894e-02
8.955241267163811802e-02
-3.464335871903945208e-02
4.999444796164964275e-03
9.038908130507417038e-02
2.205238594100427177e-02
-1.255551272121659817e-02
-1.462442236767370063e-01
-9.131186709354306708e-02
1.644749096762840868e-01
-3.555329200121246785e-02
-2.359936382088223816e-01
2.406838826679584820e-01
-1.511265563879863882e-01
2.146149434475222995e-01
-1.333671162706062847e-03
1.893974804464872430e-01
2.107098003771369354e-01
-3.300720477934064589e-02
6.906805953256142661e-02
-7.890340984922346312e-02
2.073786590093456006e-01
-1.765505622069290514e-01
1.003849234102401899e-01
1.257832468517314228e-01
1.367072548239958441e-01
-1.966370960885915342e-01
7.270785815873573310e-02
4.477763621693429258e-02
-1.252865058718764246e-01
-6.653163865294009494e-02
1.071561455379443084e-01
2.208628915307768170e-01
-8.273460534382230669e-02
-3.643760889736433889e-02
5.026752379427594508e-02
-1.127666822056337670e-01
-1.453939174093194786e-01
2.284324172820032528e-01
-2.548239953442107963e-02
-2.950114536520784952e-02
-1.641345507100755163e-01
1.217548944573918629e-02
1.535759195317535630e-01
-2.250772267473473073e-02
-2.724396379537884494e-01
-1.242202874309057334e-02
5.462707511324369630e-02
1.068590430795912233e-01
2.120598671312640404e-01
-1.115994227604841238e-01
9.935837837500863245e-02
-8.071049176708360029e-02
-1.486780207986152513e-01
-8.010194949871371484e-02
-7.463915118036724278e-03
1.721694478848574406e-01
-1.558060273127729045e-01
2.190796272694560676e-01
-1.017542356532561421e-01
-2.181042052140454435e-01
-2.967165456191768191e-01
-8.277872444473562130e-02
1.541216873411531130e-01
2.184461353823397567e-01
1.206466830619999930e-01
3.191108199094609688e-02
-9.305579972899860608e-02
-2.071210182536848410e-01
-1.596360630631281641e-01
1.057147004890774539e-01
-1.057510097091291651e-01
2.070740504079450206e-01
-2.211928220196627271e-01
-7.402625537479816387e-02
1.170406420536905800e-01
1.750289210109161608e-01
-9.620435166009495831e-02
2.096527937557898236e-01
5.168358590095671612e-02
-2.124499803555428279e-02
-1.032227835574141689e-01
1.394126067479727893e-01
2.053874425947828652e-01
-8.110957549720054782e-02
2.759025934383307899e-02
1.943770451372583419e-01
6.538580191596740643e-02
3.311829894825076004e-02
1.779972949916737157e-01
-1.489578978090532191e-01
1.999519734381828839e-01
-2.864641292699250663e-02
-2.058837056640464014e-01
-2.061606818242268935e-01
-1.715842127796041172e-01
-5.289041408640882819e-03
-9.027950621006641807e-02
-1.019046479798914745e-01
-4.535893840960551759e-02
2.029781931363328351e-01
1.866334860558317987e-01
1.065921830151477789e-01
-1.276890784123361766e-01
-1.101089771623369185e-01
4.374590166422720472e-03
2.065283061562422084e-01
1.364046699109966732e-01
2.539133780649966976e-01
4.404854782635412441e-02
-1.105247419377028972e-01
-1.977157072022608375e-01
3.575503588368937613e-02
7.408003050718954541e-02
1.872138910802130241e-01
-8.566161529050089762e-02
6.361186685571798560e-02
1.133396281917295190e-01
1.834103608947262043e-01
5.799841025697864694e-02
1.030558902491394146e-01
-2.397187251599652846e-02
1.200307322416107880e-01
9.011995031163304304e-02
-1.256838174431313404e-01
-1.979526557430581479e-01
1.444092055163498922e-01
2.280970878530990190e-02
8.376622888007653756e-02
-1.503881507042357790e-01
-3.447930740519238035e-02
2.073885026188290737e-01
-2.020105343673119780e-01
-1.884222032740058284e-01
-1.143732963953781184e-01
-1.623091688710795177e-01
1.471708835531876647e-01
1.934554085831196313e-01
-2.475234553208137678e-01
-2.314048756042421107e-01
-1.318163108482665602e-01
1.642006347623185258e-01
-4.142102809993217921e-02
3.479805003378710904e-02
9.250413396301193983e-03
4.474090920209264355e-02
1.665569489999836894e-01
4.149867432945055640e-02
1.942856428945768377e-01
-2.460260110369820175e-01
2.084870698737399941e-01
-4.115047698937819576e-02
6.155876462777278707e-02
-1.175230307331531499e-01
-2.202848356306013333e-01
2.106822820692928408e-02
4.333529675904961020e-02
9.227701436641892740e-02
-1.315826680626215051e-01
3.781153374410184398e-02
-2.377490955547405527e-01
1.809042234763313939e-01
-1.910066030903350143e-01
-1.557182240503739989e-01
-1.023057426758109539e-02
-2.504373672438478526e-01
1.393132473317716113e-01
9.551641355954648693e-02
4.072686459994168118e-02
1.830919873243126716e-02
7.248588932314106725e-02
2.404135775735251612e-01
2.295244136513461403e-02
-2.154620024009930301e-01
1.429806929341023713e-01
1.177921580450161376e-01
1.745095473126088426e-01
4.479555985572650223e-02
2.339982898092958785e-01
2.200920041190021492e-01
-9.188273375176800317e-02
-2.554753328242796440e-01
-2.236183388962168506e-01
-1.075535587301453544e-01
9.715429439843810411e-02
-1.640987480064878823e-01
-5.634823253785532782e-02
-1.984796453261029048e-01
2.388073910811519540e-01
1.536558395199471572e-01
5.563077083724461691e-02
-9.137570791201851672e-02
1.788863840332661215e-01
1.362279530815631301e-01
4.962644948199430861e-02
-2.090069992628602602e-01
6.111335998575928574e-02
-6.639038036197682235e-02
-8.479384762980332613e-02
2.168321244158533667e-01
-2.277313995757188902e-01
3.686684545531748736e-02
-3.198491508490104995e-01
1.129044061895618720e-02
-8.283116741642784775e-02
1.193364793581477290e-01
2.401005291766620531e-01
-2.303329666265410414e-01
-2.716397134478174685e-02
1.397443182339078160e-01
-4.144871716173785525e-02
-2.090886369501154252e-01
-4.640941740303672521e-03
7.466939956911562704e-02
-1.005583936451459187e-01
7.439539419292169609e-02
-1.659465274425362541e-02
2.615200431355764465e-02
6.042348432072946335e-02
1.624529229299128130e-01
3.663049442642944686e-02
-1.561533485052083448e-01
-9.393045141643682761e-02
1.001385060629876589e-03
1.178076029845747941e-01
-1.757547535974549047e-01
-5.218439223154944934e-02
-1.049459534010898087e-01
-9.906528795083799355e-02
-1.323435065044402947e-01
-1.360741241621228059e-01
-1.953198018010294801e-01
1.772470108950031098e-01
5.517974115480477060e-02
5.538473512936613677e-03
-9.244005518760073370e-02
-4.406579494402311503e-02
2.206165352286359460e-01
1.367114596517599590e-01
-7.651043769327688093e-02
-2.101477474935997680e-02
-9.889895251434338563e-02
1.042467692182258709e-01
-3.532365160348979183e-01
1.503269386729516599e-01
1.827479252382752661e-01
7.405932817841470728e-02
-1.921732788633532807e-01
2.221288460227732742e-03
-4.324563567274062464e-02
9.824014036844724851e-02
1.857245484797832025e-01
-1.881551526849302713e-01
2.089541409026183516e-01
-1.224861815282911881e-01
-4.374630681215803396e-04
-1.916944583588041928e-01
-1.526935191003067627e-01
-1.091811763954700504e-01
-1.952857358832430779e-01
9.779696627453145219e-02
6.920420989856143623e-02
-1.045764039625503988e-01
-5.564716243553813335e-03
1.975875085424563526e-01
1.777288460800836578e-01
3.510934237401117791e-02
7.099825031996372104e-02
4.334315198460514384e-02
-2.640999305508895736e-03
2.058573016114007004e-02
-2.529110565153944168e-01
-1.785045456801639258e-02
-2.146423439386679899e-01
-1.723482850299169478e-01
-3.427511745028115342e-02
-3.016416760650964153e-03
-2.033152576572695366e-02
-1.307940111829870578e-01
-2.425304193986156931e-01
2.217611568594858862e-01
-5.352013429042177389e-02
5.060568959848463916e-02
-2.128302549118655795e-01
4.297114239066007063e-02
-9.432296896675647357e-02
1.340762239582755089e-01
-2.310446031584350579e-01
-7.839963252499779212e-02
1.059028336689282757e-02
2.241296301295082893e-03
1.310917648377087630e-01
-6.740222893153888228e-02
-1.013608982387171065e-01
-1.264854929830427355e-01
1.093056087401177295e-01
-1.072567481056660998e-01
1.576479607697846286e-01
6.267749604190805957e-02
-1.322311281671192384e-01
-1.767232305008896720e-01
-9.986993431353275580e-03
3.071280988763260278e-01
-3.865750418868223182e-02
-1.921567263133621695e-01
2.484017458621662622e-01
4.350944779329759399e-02
6.275011547770070752e-02
7.538405706606016166e-02
1.244391192501221877e-01
-8.528303567735580348e-02
1.209112754313772242e-02
-7.697809544044750818e-02
1.031799196764158072e-01
1.238023330946125128e-01
6.088004827187527834e-02
-1.459870441938330710e-01
3.993604888209833365e-03
1.443723498659015281e-01
1.928632361056488720e-01
-1.738557556464067066e-01
-7.197605502356346774e-04
2.237996708864484902e-02
2.150480663451599939e-01
2.435283264586108123e-03
-6.413429603675462054e-02
1.170841976482671631e-01
-4.766449802876322750e-02
1.429798182559727238e-03
4.150813789022276407e-02
-1.471748398822154968e-01
5.932843792400516181e-02
-4.665530695421839236e-03
1.746225596424861859e-01
-4.483354975911191254e-02
-1.121212512486227664e-01
-4.422524908306242619e-02
-1.692143641650796504e-01
1.895532298786306580e-01
-1.396583968242490897e-02
6.294027236077720522e-01
2.094997499234541039e-01
-2.294725981429293071e-01
-2.117717319921510466e-01
1.513792359967902623e-02
1.064733602961063924e-01
9.519931546772700259e-02
1.666488205600423766e-01
1.292988620484684104e-01
1.514556939894619592e-01
2.582705728345264240e-01
1.320963291543074403e-01
2.455926867192779334e-02
1.751526920834312606e-01
-6.109963226865040842e-02
1.128122399880776283e-01
-2.509783055129676255e-01
7.624488226216881437e-02
-2.208180959454513204e-01
1.123827670129274592e-01
-2.214818208961653323e-01
-4.233644152695466290e-02
-1.497432419189783648e-01
2.398610359842419035e-02
2.227667393335028972e-02
-5.488404749595176407e-03
-1.364112681958941087e-01
1.884000436128252520e-01
2.218663710325963767e-01
-1.087717743577052143e-01
1.784889605922887479e-01
-1.603261809925047854e-01
-1.499162846506978675e-01
-1.568441295154833492e-01
-7.421864087431781498e-02
-3.726132406270599162e-02
2.581490954610539679e-01
-4.361558121165169666e-02
-5.906704814708792217e-02
-2.052191306252896807e-01
2.088506221384975881e-01
1.811100559817263034e-01
5.378404704497989630e-02
-2.165039029594046094e-01
2.173705488437702171e-01
-1.219204629630218084e-01
2.224324286360959690e-01
-1.424811688947206778e-01
8.505871247810453672e-02
1.299902574131507893e-01
-1.118279649166326328e-01
-2.203232881097021978e-01
2.587882149340051119e-01
2.154458774099545226e-01
-1.351954635898855173e-01
-2.407576328288150436e-01
-1.424024755775988860e-01
7.395215778911801152e-02
8.823953022994698858e-02
1.754199094413445570e-01
-1.713972870373003943e-03
2.096297914097645099e-01
-1.840436145339845869e-02
-4.583267877224475595e-02
-2.565326695082103536e-01
1.065724049124912032e-01
-2.071745364819296276e-01
-7.980359525132868503e-02
1.223210432628917960e-01
-1.442939711955615323e-02
8.989678550279586733e-03
1.766509440818198051e-02
1.989371161083259010e-01
-1.441748094998700769e-01
1.343938763178209594e-01
9.293186594350015539e-02
1.878574855778455677e-01
1.906803480943564388e-01
2.787604979733555588e-01
1.620203082910174341e-01
-3.468659436019858738e-02
1.309433895846236484e-01
-3.237589618524484569e-01
1.495562098366838219e-02
1.542832369349879662e-01
-1.127646735788672833e-01
-1.508150149016703467e-01
4.932211817569889106e-02
-1.423241925044554101e-01
1.769884463824557275e-01
1.219820241641188102e-01
-5.470298550428789180e-02
1.113623938749746661e-01
-1.430435565214169258e-01
-1.075500680182130547e-01
-1.458719437467186353e-01
1.750478301102053047e-01
-4.710395649825216413e-02
-7.609037316231793274e-03
-3.834082653905131199e-02
-1.551005239567670446e-01
-2.581134721113891375e-02
-9.887335724913426729e-03
2.962613435766452419e-01
-8.210125001079955631e-02
-1.351167195179988068e-01
1.141613196103196670e-01
7.469357460066612664e-02
-1.961685455621692969e-02
-2.468703934092156271e-01
2.778056229364465890e-03
-4.350775484107893831e-02
-1.307949979763410597e-01
1.696450622925864127e-01
-1.197183903468710398e-01
-2.064712089920216487e-01
1.250215115653326159e-01
-7.103013648853209738e-02
3.983001766889204820e-02
1.383959043721032511e-01
-1.017631803658991113e-01
1.649610343324824369e-01
-3.002054932860516098e-02
1.030667946302251947e-01
-7.856180804888120150e-02
-2.362018848980846353e-01
5.748330480799923592e-02
-1.827508141857842883e-01
-1.345583233587802907e-01
1.352553759915143261e-01
-9.717113271552174636e-02
1.075135990439202716e-01
-9.012387318807002501e-02
-6.561160715790692599e-02
-2.178414594067784593e-01
-7.112305054453185726e-02
4.455240939333360295e-02
1.665762885491960665e-01
-2.007385075903749261e-01
1.333832606938175902e-01
-1.163284702138547289e-01
4.720219586738141904e-02
-3.893181696827549554e-03
1.635564401017918501e-01
2.382739921343766942e-03
-1.172814142020595640e-01
-1.643967152851647517e-01
-1.633836137136201461e-01
2.157944977011154800e-02
-1.996542184258637276e-01
1.421441745813421115e-02
1.870372551481337409e-01
-2.310896049780510331e-01
2.065498466550129975e-01
-1.947755402016654869e-01
1.776616275090131536e-01
-1.809420732042835156e-01
2.517513415708191871e-01
-1.806816931236884527e-01
-2.451368214667449391e-03
4.083524222095358258e-02
5.195147053985529201e-02
-3.546743576226783073e-02
-1.629015382494998776e-01
-6.036973785297694572e-02
-8.730464225679968049e-02
1.606629661745269111e-01
2.134645361259220331e-01
2.517333211669899873e-01
7.694817416494170725e-02
3.944485495909118289e-02
9.544675158004604920e-02
2.354878448502628063e-01
-1.363177505114490096e-01
2.265282584738638194e-01
1.370592147682616058e-01
-4.261820084338900638e-02
-7.500298491169261894e-02
-1.946733064070405028e-01
-7.982681459535043156e-02
1.152739671332761590e-01
2.449789095953751328e-02
2.727565926194059909e-01
-2.359511457022818171e-01
-4.911113496847133164e-02
-4.233098198085620545e-02
4.373566723220108365e-02
-9.844602201317502466e-02
1.436446065653662618e-02
1.415475683869518164e-01
-2.186881707807541986e-01
-1.771378753384593163e-01
2.066383800919068259e-01
-8.655742941947063007e-03
-1.051888573309882058e-01
3.311110812178015561e-02
2.604908673715271641e-02
1.872530292477784797e-01
-9.399015165710282449e-02
-1.967719662413137949e-03
1.800915422747859929e-01
8.195833042393241286e-02
1.194547740375455358e-01
1.356762997923102732e-01
-1.779422630918276460e-01
1.451471207194885392e-02
-1.909283522370081587e-01
-1.215385352937679436e-01
7.756280222181395623e-02
-8.756343039752609303e-02
-1.852027166489499665e-01
2.445697215531117963e-01
-8.601309739392475062e-02
1.288290535309094265e-01
-1.457318430652603317e-02
-9.054311615453317086e-02
-2.382959280343486808e-01
-7.085784805806923103e-02
-2.107041324894375622e-01
1.700306094995369111e-01
7.875775435698327900e-03
-1.522274267499781897e-01
1.430790606631347495e-01
3.171439256465569123e-03
-1.953288846161786996e-01
2.121232460814867216e-01
-3.130904175105368725e-02
1.126303526559656598e-01
-1.216399412356683196e-01
-7.122106252450622482e-03
1.688771606335244535e-01
1.934366340839722975e-01
-1.131652296470200547e-01
