-7.398720503490694433e-01
-2.094527142967847200e-01
2.873767264498642837e-01
2.387030249383178745e-02
6.794473833836345289e-02
-6.777380626687637064e-03
1.170252888387984247e-01
-5.541676759081879539e-02
-2.921773503378625736e-01
1.445486850371632270e-01
-7.789517842212631549e-02
-9.335303700826975970e-02
-7.742830909633860448e-02
1.124937586164966724e-01
-1.535697170699856784e-01
-2.641335055260070341e-02
2.732242788140579193e-02
-9.576720393759023675e-02
-8.060466787934844612e-02
-1.011887982198044766e-01
-1.332307543348620060e-01
-5.438411367132759550e-02
-1.089364764027686006e-01
-4.168698128684238807e-02
5.228569730342398636e-02
-1.013199648339883630e-01
4.419536858940935689e-03
-1.657482962320946940e-01
-2.364067711581725045e-02
-1.719530134567363172e-02
1.207998202278826039e-02
-1.118386780051431467e-01
-1.083156537732189312e-01
-1.647382095149849124e-01
-2.036183313568406747e-02
-2.285757841344364105e-01
-2.827184491227776458e-02
-8.840702283395439343e-02
-8.156068855348436652e-04
-2.802634118217254416e-02
-9.554620585251183407e-02
-2.092065440672886967e-02
3.626461550671075673e-02
1.340830264518759474e-01
1.067539733776721733e-01
5.403396796090504522e-02
-1.553377363085100271e-01
-2.339079606895292512e-02
1.125582916445314746e-02
-1.296465799027756403e-02
1.684557810365008498e-02
-8.177223100794196731e-02
6.497532713424326867e-02
9.497431271214293313e-02
-5.248492962099793324e-02
-2.160674545401546076e-01
-7.090035621278002742e-02
-8.346491904012735830e-02
9.773519410732844914e-03
-6.073171503033551050e-02
3.501954899274241362e-02
-1.015444649108061467e-03
-1.564475136684922996e-01
-5.167047161946422551e-02
9.174720461464264121e-02
-4.656855992194586236e-02
7.706338801207418543e-02
-6.628533634180305834e-02
-4.665838142457806245e-03
1.535771766054415122e-01
2.765425879955904498e-02
-5.203726320067211114e-02
-1.480784477557111067e-01
1.509001321377828053e-01
-5.982693216140381326e-02
-1.116094608724948339e-01
-2.108702144817743707e-01
-1.687578335864224621e-01
-7.715186906246990217e-02
-8.195728828524156961e-02
-3.513739692419748806e-03
1.053258851118905048e-01
9.381701572915554510e-03
4.498905738221642414e-02
9.239684619717346281e-02
1.204891504757974081e-02
1.635071324171248341e-01
4.150313035151981939e-02
1.201435028890987383e-01
-1.278316640842221408e-01
-1.160821787365826224e-01
1.647434787165568126e-01
1.531030114194458780e-01
8.083268444487920479e-02
1.825423064365215911e-02
7.938213289668802353e-02
2.702341648724940551e-02
-1.120443700068425447e-01
-9.294583243268007833e-02
-1.573342903095905493e-02
2.008309987500423582e-02
-1.000446180829067805e-01
-2.255140541613679939e-01
-1.212892249003784673e-01
-1.986132782994501078e-01
1.378115749623897053e-02
-2.037219293022658057e-02
-6.053773497733025422e-02
2.019009260565370889e-01
1.708844635551854951e-01
1.200760746115830668e-01
9.392760681436702896e-02
7.825445917501865079e-02
-9.247578999411186496e-02
6.672257064691336503e-02
1.747695100968453819e-01
7.272420904973270206e-02
1.577691700092841709e-01
1.625011630989470490e-01
-4.878776809673830012e-02
-4.678617944145579272e-02
3.117028438497739321e-02
1.211634248595429286e-01
-8.696910128366582005e-02
7.491615761169420629e-02
-4.455488926278268480e-02
7.116775377701400895e-02
-1.016235451541509099e-01
-1.523696704430665960e-01
-1.127482352152947842e-01
6.235591095617518120e-02
3.954633136713573555e-02
6.473013450507301980e-02
-6.876998365286889070e-02
5.855297426592416532e-02
1.432442656093462219e-01
2.240284374930138524e-04
-9.707392841093795757e-03
1.001825522452806511e-01
-6.511023456786453611e-02
-1.943538012917491939e-02
-1.432328971839955944e-01
-2.011907825894716090e-02
5.140982168960492836e-03
3.394337089213294439e-02
-4.315330078360480465e-02
-1.015641821338301304e-01
-6.344761440641000227e-02
-4.140328278435830012e-02
4.429477680033379328e-02
-4.708301940571842092e-02
-9.762492545792142429e-02
-6.037461399226951714e-02
-1.438394836345840977e-01
-1.713292606714957589e-01
-1.635987690103085368e-01
-8.650447572121976875e-03
-1.416045783900773403e-01
-7.180102726567519356e-02
-5.220703297456980724e-02
-1.178471162552121032e-01
1.430377995333326213e-01
1.491380220280310587e-01
1.843822117591721599e-02
-1.281956253372849852e-01
-1.789492803656983211e-01
-1.318336416772789565e-01
1.634519643000985623e-01
-8.856993853406155970e-02
-3.118491794117019336e-02
-1.490122875025712834e-01
7.992628110972550479e-03
1.078741138741249883e-01
-5.721399479120459902e-02
6.722401663718487186e-02
-4.562086484521883645e-02
4.181244245001403126e-02
2.847402761369128513e-03
2.625019311912235934e-02
-3.207737639533345675e-01
1.158712924690236956e-01
5.873406210601728877e-02
-8.366619271903309729e-02
-1.519804880586506368e-01
1.304769229745757764e-01
-7.979655079177008781e-02
-8.066430696114770815e-02
1.030901257266064602e-01
-2.979006951263802466e-02
1.122642170104623666e-01
3.305777583049358120e-02
5.599351627948955662e-02
2.389772574707643357e-02
4.054473918496947354e-02
7.566355696639645578e-02
-8.807795503792149872e-02
6.826020794277191939e-02
1.151931639590926537e-01
8.469285555458947942e-03
1.236408443940229113e-01
2.086460805156917578e-02
8.736470443401930797e-02
5.806611341353080241e-02
1.816429272881029122e-01
-7.711524006653520946e-02
-3.025228683250461015e-01
-1.788591618425144358e-01
-1.436010374696001790e-01
1.418421178274381078e-01
3.660444850756969237e-02
-6.504527614738354890e-02
-5.052237464851788012e-02
-8.129319325045544775e-02
-1.159867890308346333e-01
6.924344206809328328e-02
2.306803083722438336e-02
1.192264769049871109e-01
6.401360716831866471e-02
-7.082531679045457433e-03
-1.620376438544369191e-01
1.599769143058837884e-01
1.830241662050725304e-01
1.516947477289654900e-01
1.941995607296570225e-01
3.503814494503238591e-02
4.286673841730476164e-02
-1.410535329252432177e-02
7.870506951680446284e-02
3.597034250234274616e-02
-2.816082434970475501e-01
1.694919492532813779e-02
1.345620738908218372e-01
-9.660930814995565691e-03
9.720562039407776300e-02
-1.617502326569372484e-01
-9.585347923580191110e-02
-6.412329534217388327e-02
1.073834593066577831e-01
1.180278603133163608e-02
8.925884670487692352e-02
7.476098344030368548e-02
4.569589950832313868e-02
-1.171953895418415270e-01
-4.292402965117733671e-02
2.043879147399004208e-03
-1.130714825074231045e-01
7.742615365434635244e-02
5.416261333826921653e-02
-8.869157068784083373e-03
-9.874071558309954755e-02
-5.128343504550216675e-02
4.967753637320643928e-02
2.240774004406387993e-02
-1.745193763412214716e-01
-1.427890347617629674e-01
5.577296491736374179e-02
-1.451203568488825812e-01
-5.960923311697425425e-02
-9.689360565032958950e-02
-4.390136049271427948e-02
2.795519065923273913e-02
-9.194118538523345097e-02
1.799935159054212308e-01
8.155308206330254273e-02
-4.366524965987658019e-03
-3.913257365666089616e-02
-5.455549034468555603e-02
-1.924691840781077024e-01
-1.252727491552290129e-01
-4.323440987171109189e-03
-1.645686554642067090e-01
-6.790890924418094277e-02
8.116964945717328184e-02
-8.732426425777627121e-02
2.179671923907852346e-02
9.305105968487939472e-02
-6.330932511615583458e-02
-9.201690910460547101e-02
6.625555172596649112e-02
2.757406702910565697e-03
1.778915042696056492e-01
-1.206353193377123906e-01
-1.547831306797268214e-01
1.548148655249446948e-01
-4.824112197791469484e-04
9.391341539997499765e-02
1.637771190394401721e-01
4.199630635184029015e-02
7.131768844849177558e-02
-1.106354895577073005e-01
1.028376531514868693e-02
-8.591915546091671851e-02
1.776136866450855056e-01
-1.040263089589107265e-01
-2.048460963371518118e-01
-4.817534298014687633e-02
3.098931399053061943e-03
1.312427562260811698e-01
1.813003382985772100e-02
-1.754419634132551448e-02
-7.320846960519970803e-02
-7.178603519311396730e-02
-5.437930144195899512e-02
-3.545698956662879930e-01
-1.155169197762562494e-01
6.797957968783692462e-02
3.576722011873578050e-02
-9.654451365335170454e-02
-6.763101764331544419e-02
3.022362559472874938e-02
1.361543395909910192e-01
1.365769636494950645e-01
1.008580752816403414e-01
-3.480897082690814770e-02
6.638540093956002419e-02
9.000550842775342786e-02
-3.393873065744825585e-02
-2.116034581029272166e-01
-1.913012761679485085e-01
-2.082246237563139535e-01
8.764798682636260052e-02
1.215671881219892170e-01
6.527392768216432051e-02
1.165725422466402789e-01
1.377143131751615568e-01
-2.157006862316314735e-02
-5.678210651803063114e-02
-3.841523517266492299e-02
-9.950661849242167789e-02
1.070893182286135475e-01
-5.173399625024802106e-02
-1.126554347642401248e-02
-5.768128322310334122e-02
9.860579749308361064e-02
-1.409336187667047102e-02
8.959212822019717304e-02
1.134414261849842898e-01
-5.706882568899034058e-02
-1.738131208097882796e-01
6.047580739107752748e-03
-1.846524363323668802e-02
-1.465215530731491522e-01
-1.123156846615368937e-01
-1.604069278330375603e-01
-1.130783884702559056e-01
-3.236083455814569437e-02
1.021242666107735064e-01
-2.713794732273306504e-02
-3.658160244105662477e-03
-7.561947079267598848e-02
-8.518173748615649743e-02
3.165890942887020221e-02
-1.598262254151332218e-01
-1.600250300645454926e-01
9.511882059364580588e-02
1.042708256333237937e-01
-1.282420302626669506e-01
-1.651828526632638239e-01
8.367170386661614001e-02
-1.974331333350556883e-02
9.673616376008334350e-02
-8.895874727981128993e-02
9.815924524738686707e-03
-3.387399813916539687e-02
-4.875610419179371435e-02
-1.188042053046931557e-01
-4.973446882380239131e-02
-1.319177266949592420e-01
-3.073910291671515943e-02
6.058481277936219288e-03
1.153041196835004750e-01
1.633091573319364609e-01
4.099077241574781982e-02
2.023827728026933725e-01
-3.905643807120685873e-02
-3.449390562059709286e-01
-2.885419458669453638e-02
2.236846721913999247e-01
1.712235958215347492e-02
8.055484468859450131e-02
1.118581277838318622e-01
-6.875559910571424349e-02
4.454571707293121519e-02
-8.578748072814784686e-02
4.680437801860316133e-02
-3.023992875816145995e-02
1.616293261085287661e-02
-4.782342300544049907e-02
9.685104434357282022e-02
5.633245677163618154e-02
-8.797690559589035897e-02
-7.746317149550924208e-02
4.335817993225589417e-02
1.972439670857992905e-02
1.726999390454930783e-01
-7.766125195397080572e-02
2.003670410900042567e-02
-4.140376529848016629e-02
-6.767254802215093290e-02
-2.251254112963187448e-01
3.388947223506291045e-02
1.163828701408097799e-01
1.542763282296593097e-01
1.030626608304046482e-01
9.594873825355475228e-02
-3.540807300302066529e-02
-1.005826730434783017e-01
-1.165706535632379803e-01
6.186359863522998548e-02
9.381602104075566217e-02
-4.953382917733782642e-02
5.607235090387795856e-02
-7.711217864436192837e-02
-3.545597303042537923e-02
-2.048812651466010853e-02
1.020933571016849756e-01
4.015535063261520959e-02
7.611971472422285334e-02
1.114540524258057358e-01
-9.627779563762636772e-02
-5.267294429226866692e-02
-1.625708056424819692e-01
9.793209550221962378e-02
-1.643905453713304099e-01
-6.448579264004271339e-02
1.188910652895305148e-01
-1.784089516271469486e-02
3.649698028359496527e-02
9.891133986493905184e-02
1.219173313418271815e-01
-7.737331328898952587e-02
-4.110057702257061130e-02
-1.006205363382602636e-01
-4.109320949894287867e-02
-7.203704368224249366e-02
-5.435736923767241213e-02
-1.483158480403936885e-01
2.952349091282052695e-02
-5.366955030716712149e-02
-8.158245654816318956e-03
-2.641827089236670201e-02
7.217290984470565995e-02
-1.347713201990872189e-01
-1.773412848573429068e-01
-1.076803472957082869e-01
1.847568195618207454e-01
-6.227730234659271252e-02
-2.256797908304294942e-01
-1.733200340483388724e-01
6.328144906685975735e-02
-1.526437015955930676e-01
-8.030982123804186745e-02
-7.281370016871444029e-02
-1.150219882956061007e-01
1.311118504265238460e-01
1.136588931020135612e-01
1.654028165843910159e-01
1.174002764910823671e-01
6.782718137444578022e-02
-8.505993948410273120e-02
-1.856405950825894572e-03
3.200400664079188634e-02
-9.543530558240065353e-02
8.789977866917156324e-02
7.299940860526737962e-02
5.608126249467012409e-02
-9.847808799147288183e-02
-1.233792788628956111e-01
-1.307811644600720968e-01
3.704527122097676234e-02
1.248067827877206160e-01
-2.008661408757543218e-02
5.982740151535912571e-03
3.865086870843439677e-03
-2.797499828047944059e-01
-6.912370641497946055e-02
1.549610974927338458e-01
-2.828102371309844723e-02
-9.527414349934135163e-02
-4.585144674092855172e-02
1.024390170393245231e-01
9.073109259636674695e-02
6.300436173057359646e-02
6.187306717434568407e-03
8.397360161887827690e-02
-4.961058970034444571e-02
-5.292720295084861470e-02
-1.668520189424150535e-01
-8.368685435784264937e-02
-6.473709501942373490e-02
-1.169781798029246034e-01
-3.563334967328651154e-02
-2.809820475393963110e-02
3.963801444494945841e-02
-7.453759872401030662e-02
-3.335781049919538110e-02
2.756266534594339901e-01
-5.979387000157380255e-02
-4.155537018007458838e-02
-1.497937335107707713e-01
4.284737463526774848e-04
1.208729855582767604e-01
-4.363717537945607794e-03
9.723769171534195344e-02
-5.878224724436404564e-02
1.059766781323564083e-01
-5.919603861048909621e-02
-6.124471070621543417e-02
6.484287095225257924e-02
-7.936455194812286340e-02
-5.561038068722796990e-02
-7.964862724231427937e-02
3.811783147613408140e-02
-1.375737320385844731e-01
-6.697827547323322028e-02
-1.558299953079959610e-01
-1.507394370992349575e-01
-4.958153153131341501e-02
-8.152377414881531448e-02
-1.036210416728939737e-01
1.311491451963822386e-01
-8.564089614322709099e-02
3.955217724748434638e-02
7.076589356295547029e-02
5.129529652471107601e-04
-4.163433243488047497e-02
4.873299455616902920e-03
6.782443590971382053e-03
-7.282658880537117019e-02
-7.081168566921938745e-02
-1.691194187114333225e-01
3.758222254459690770e-02
3.781954696270452276e-02
-5.464623433302641387e-02
-1.758450639553790773e-02
4.395914740954911908e-03
-7.789622398791920532e-02
-7.587791692813453115e-02
-1.317907242726860106e-01
-1.051913422605843529e-01
9.094239690386513031e-02
-4.563593399158087649e-02
-9.647272642202094073e-02
-1.412263744149850064e-01
-4.103757347397173072e-02
-2.845707582459684748e-02
-8.204092238203793130e-02
-1.054520733323962151e-01
-8.420692592592307624e-02
5.061657325482434716e-02
-3.683103517403762701e-03
1.226964596972869581e-01
-1.045651742201192391e-01
-1.506928263389383793e-01
-2.582382518584059872e-01
-2.073968696799331768e-02
1.235248810830978650e-02
-6.173323206783579847e-02
2.564809122048829909e-02
-2.308551955835661806e-01
-6.280461155738085999e-02
-3.020566936899909266e-02
4.975005385827886706e-02
-8.022004095540996235e-03
-1.358575952978871050e-02
-9.369474866263574619e-02
-2.328036320076020405e-01
-1.145645036325313865e-01
-4.577463736395149391e-02
-3.043586785084750890e-01
4.681327729073584548e-02
-1.459080504727510164e-01
-3.493786013959078729e-01
-5.487889197735454916e-01
-3.674255105803974630e-01
-1.747936964646109315e-01
-5.668813710503704806e-02
-1.906976886614271949e-01
-6.942838588694705271e-02
-1.486283420550246759e-01
-2.365282715203446129e-01
-2.491397831843045474e-01
-2.683396831744705446e-01
-1.562361325817644142e-01
-2.989057750206939312e-01
2.378655120228043152e-01
3.224872543220745624e-02
-5.865450729110862488e-02
